STRATO	N	M1	M2	M3	M4	M5	M6	M7	M8	M9	M10	M11	M12	M13	M14	M15	S1	S2	S3	S4	S5	S6	S7	S8	S9	S10	S11	S12	S13	S14	S15	COST	CENS	DOM1	X1	SOLUZ
1	174	205.046081312599	317.709518213068	1443.17293385008	1.17808430331408	25.3754751016868	2443.0520946003	3842.3156864302	1972.77907321855	10.8510998418988	0.0240595799131392	0.17952450864458	0.0000629329525896246	36.5836968442897	1.31208128313366	0.00046559823369717	376.323835463685	1184.90363798777	1315.24252671057	3.98344507644484	95.568267450277	998.550957215011	1576.7117279205	1558.25882237005	43.8520256049786	0.0638639423356051	1.92523115168699	0.000192034433993101	176.221554702723	7.23970344492144	0.00194530378327903	1	0	1	1	3.80568569341517
10	215	4943.82742215229	727.358225270748	923.04307291934	685.974641212412	462.942208069443	1483.57204956533	556.851950036488	122.629668675743	28.5229242842606	155.608863966855	7641.72206922927	33.0351688706476	2559.93630556769	794.591862896361	53.9275403328683	4762.66600285756	2442.32494903927	1173.22519317568	1037.1029911813	636.734578513954	965.57023060769	948.001210349951	284.022351044547	140.548119442094	277.782274492679	55259.667282796	68.2342398676981	9755.03179246676	2907.94211059255	206.24377478187	1	0	1	10	17.8009170964834
11	233	4733.73879286058	915.288964135072	695.531318470332	613.021411028015	425.698599431418	1143.16630130328	409.67968370235	131.765912923278	9.88834559951263	160.670179217842	6538.96557385507	73.7408649332563	599.780893669192	361.099180396438	146.669922339739	3689.41438591073	1872.61653943839	781.973948067175	605.922485254432	616.144518120632	893.90900939318	972.762785750154	358.281119766124	57.0440105300728	162.278185021886	30566.4368436436	124.680428178647	2662.02934502192	1190.3247076759	376.813197703878	1	0	1	11	5.7249884451905
12	1152	6186.60977484519	1987.0813195576	837.637597312693	628.533093965844	718.587404502274	1041.97073215368	194.710433495403	63.0933352439693	8.56386930266839	178.402113291081	5376.27588587824	99.0283502174973	181.878046418908	114.012351225978	162.967120229897	5633.2963166465	6261.19590994441	1048.98390540309	680.383761335031	915.71520187584	809.292809549717	529.807955391677	238.625625802612	55.5842794897042	208.486079007125	17516.6906504355	153.284937077149	707.606457063501	315.734908242795	443.781606139066	1	0	1	12	11.467570763617
13	2493	7867.70314939003	1410.34352958762	1035.5045282179	306.423601463601	1272.40956311494	1503.84740491147	523.896938917023	312.046342794193	308.900162514718	117.00939514459	2188.89466410988	62.9689809935424	354.352811194128	148.844239728258	61.3050829697488	10698.3823590482	3586.50238552527	1221.38071057301	490.701674657618	1728.19384219938	1130.56629323413	928.072124996971	902.965815288461	989.468326091613	205.123912685239	11593.1330015648	111.143069759979	1504.15291005092	834.216875134755	247.021276725851	1	0	1	13	50.2126306755378
14	1508	8149.98898684993	2438.92320171317	1465.42971096141	276.854628190087	1257.56419291537	1929.92379086387	662.490599220788	660.896878621019	699.004927391383	79.1025759501698	1551.8928710063	41.3638158501787	245.080615173796	127.522781069234	95.9401065913469	12524.3538832684	7466.86606398954	1774.77528847528	596.556719488416	2505.56684751262	1428.24240212552	1162.06745489824	2054.01452252276	2840.50423397738	151.331389314403	7329.03573697539	141.700950470522	1405.98786603281	436.611624826837	400.425753263235	1	0	1	14	54.5932479448476
15	1031	983.228564069398	1278.51546427307	61.2039548081838	252.583534093177	13.9918786647373	150.726042708334	6.86861464916538	0.528218090132136	0.0000123216563800721	305.278458588258	2195.63214747577	994.594018492336	9.35807893638445	8.43779563342027	2080.22018252675	1558.14476761796	2503.29946831664	227.271907634683	277.783983728001	45.3104039659054	312.743476269494	86.6859456613769	7.27371853651919	0.000190680657720143	382.791591757166	4098.1478486001	872.176709534679	124.814313145404	50.3240801754971	1051.43735488227	1	0	1	15	8.28442433717834
16	3088	7770.40030179642	1137.58468001549	1185.42801930691	400.544965002412	383.034857396098	1564.71983128725	248.500114751907	56.6029027556822	21.1620781545392	243.165462066467	5310.05678380766	147.980152056744	211.557726193852	400.859490806831	220.010351365985	13101.2297037343	3135.31072860904	2115.70713841917	462.667948308936	527.957459913563	1613.43372252976	625.949952377205	207.758098576673	223.269219824678	332.40670579234	11739.9686335816	326.523935843269	661.402551870372	1045.96423638789	552.402172400505	1	0	1	16	35.2155680885866
17	1103	4576.54166912263	354.314667583699	317.898952323596	311.621610424939	305.271340699685	658.944710794811	17.7154271358846	1.08563544535684	0.118500952147153	325.213112637807	4819.32909826748	289.842056739836	154.370488558873	404.261957021039	487.570213782251	5398.24580205996	537.01792891786	475.895109744311	335.959601704308	523.93614111067	650.863869349741	77.0964116955578	12.2599737555285	1.78557944979283	383.644736191405	13738.3149688727	427.050016348196	489.634514194094	1148.73640974168	671.5946434981	1	0	1	17	11.5353566194793
18	526	4134.34234183392	469.556856606916	153.80570338296	193.431600580654	300.083247730038	424.459960013594	14.1719652996957	0.293128126996207	0.031535873551772	394.053041839953	2795.77373773348	325.845173681154	15.141822629256	112.05447647427	472.607968622023	3210.99729454898	781.728374393807	245.453076436773	195.673913565339	389.691061333665	444.232672135558	80.3824946559114	2.31660596726172	0.291222404625101	403.470236132958	9392.59122028835	511.538951008273	78.0615971026688	287.346176524295	717.517191917893	1	0	1	18	2.99237269153839
19	3601	3722.24164171002	392.968399576039	183.975007027641	306.04508308506	297.345529657826	574.288553037564	19.9217711019887	1.89244254682018	7.95527549916792	449.158486259034	1948.35364769856	208.78808592288	15.0504570348158	115.369254987483	321.648410761425	3637.38417395192	609.17092939376	247.379188010828	409.750104912839	494.811356015848	570.359186459428	97.4247117601356	25.3975530838199	73.3153391982188	630.577492239852	5662.19286791072	510.856188194963	55.1457677017264	359.556713270102	565.861688904902	1	0	1	19	17.8762324191436
2	85	1153.34432809474	1041.93101180168	1711.2196618436	15.5643261105005	120.375040518931	1979.97366734206	1931.90578649795	960.022952810631	7.88194560017962	0.203880211141746	15.1122258308205	0.00674372861909009	235.208309418726	17.9445898118732	0.0106984719291161	754.229060254307	2440.849450594	1383.40069789323	20.5535412373223	173.460771404241	826.935991932875	798.191007415686	762.01153688507	58.6515792292458	0.282817892499261	83.1358020246678	0.00967935016701693	699.914259870203	43.2207613691514	0.025816792537292	1	0	1	2	2
20	2504	2633.7972967444	598.617264617845	376.635041127908	320.181725770256	61.424009198507	943.995378063178	400.406945109219	45.5826773008926	5.48499568814165	297.254476041453	3875.37044639035	126.746736389124	4.8569743485973	57.0807484331362	368.71506000789	3002.7458577956	916.778753738091	380.384228587005	319.914241917003	268.265988979538	1012.65261161437	970.801329219103	190.133691566947	111.33399155878	551.338637253943	8507.01338760186	333.743390322615	16.0530067761701	138.973025255103	704.930700998201	1	0	1	20	18.9040353808861
3	1151	2615.98953620878	4234.21378948927	1161.86473172629	223.853656277338	444.184562990008	1046.45573563349	318.216597788988	188.977072214681	1.19239727966239	4.80898160742669	2515.11985718048	15.9636848362099	285.715890288488	83.5958538666698	45.4553176286717	1837.57287185441	11380.0738366263	993.077968922131	253.02639275986	600.491564866043	510.078119762324	336.443459903063	225.948131025679	16.0318768232368	7.66969387852148	6755.19480792978	27.176705123803	736.673174232187	166.18163191029	116.945426497311	1	0	1	3	14.5802852932974
4	982	3382.61282346862	3560.03621392493	1477.26509601534	227.466804478549	1223.35919972969	1437.89349576037	1033.20298389515	1408.87424172002	1262.7770436415	12.9493347192084	1483.59260435405	21.226790100005	427.614736341203	134.190365167266	31.0772368462074	3127.91231189312	12483.93845464	1439.52087480686	273.535508649082	1391.7059298701	918.491671550784	1345.89784750938	2628.56661512104	3543.34158350997	26.2620182783252	8077.1176274042	47.5648693320464	2617.86600764421	854.806592759103	133.395741447779	1	0	1	4	48.2463014785114
5	873	5802.96194966093	1387.10980556783	1510.94674063776	357.184079434426	1410.85449296331	1633.27718503491	964.800289051635	929.486842017199	1190.33997590646	41.1637447637634	940.72831330082	36.1655057321569	142.520823394372	71.2215475393113	44.2717739048415	5738.94049251536	2829.02237343564	1820.53561634939	448.63602056984	1591.0353976787	1234.50191552664	1441.53505093449	1779.95147261324	3252.40763954601	67.534824213855	2911.09368849891	62.9412399866767	434.799114113133	258.633979423676	159.747388229831	1	0	1	5	28.7629066085637
6	542	2499.68288201668	772.434750519416	1631.11026745179	206.615957682894	689.425030931538	1959.17080302495	1752.97012821212	1046.22155186518	220.588991261133	18.3663407485562	1233.62761951362	21.0660766062288	547.14465622902	106.355086221911	67.7866945224007	3919.27469178512	1789.90191589808	2012.11425405739	387.112422627291	995.84607540022	1272.9159915451	1731.15391024679	1559.74529579191	599.38571844457	43.8799088199264	6062.83343114765	71.6033751858535	1835.73332682873	279.522145891244	243.245724923446	1	0	1	6	14.7376135002008
7	957	5706.95529866975	1069.95768034001	713.410869648776	425.253354771361	890.500744969313	1093.88372189828	410.21689317724	191.270374718889	109.150692698741	82.592117537513	2085.25004007602	83.1020838854816	261.493611300714	124.288114479892	135.49228313439	5742.97195859808	2775.30906283862	744.551975681008	513.544919853927	1014.55660460233	840.756008611517	889.580025847891	551.687613187245	502.937561180635	116.867945148458	7455.34103102067	116.107640428372	717.786614197059	314.52554459881	305.093090233664	1	0	1	7	11.0503777329907
8	744	5304.49509078602	703.253532295492	856.17184579657	219.224374875301	1068.86936831415	1361.70273270253	330.161967799732	118.695750425893	136.647334808258	53.4722614322946	1298.58789641805	45.8329518089412	797.436284148597	877.349015086699	46.43064127939	5101.70223223716	1867.95519355679	1105.24615477228	279.460565731757	1963.72045343316	969.233824190549	665.941478893437	430.8838029427	657.776606381395	87.6879386035192	4044.77043946819	88.182064767111	2513.36771142713	3417.57754719055	216.467060433968	1	0	1	8	24.7113038059636
9	377	4407.8973009651	409.524155386129	818.965851833717	307.411247306234	400.567193772101	1439.10771355375	472.731804413409	69.4162544209083	32.7467242001037	80.4702872851636	1076.26063316471	30.5887848303351	548.358490308956	566.13093364509	47.409597755187	4122.62519296859	1261.72985675519	985.810395174763	564.421076608819	532.296938250796	926.262368962412	857.073979384129	159.606380142245	138.45377314067	163.302454557837	3648.68914804675	65.311310463405	2070.0915953911	2030.70581994456	206.67198766046	1	0	1	9	8.67663096352337
