STRATO	N	M1	M2	M3	M4	M5	M6	M7	M8	M9	M10	M11	M12	M13	M14	M15	S1	S2	S3	S4	S5	S6	S7	S8	S9	S10	S11	S12	S13	S14	S15	COST	CENS	DOM1	X1	SOLUZ
1	28	107.423218563346	223.896201061633	1563.23617298131	1.05139708021596	3.31417360035023	2235.19844491811	3650.62542844771	2384.05844401846	1.19098645860437	0.0225258635170341	6.09149283803436	0.000219077712579829	375.034874115731	8.15573442525679	0.000565194621534078	177.646283388095	454.243717984009	812.04292046811	3.98186497160048	13.0363246707096	852.09357449986	1756.818528609	1676.33428163908	3.16890102380372	0.0662306001564085	24.0379769735982	0.00068148889284327	851.600287678077	22.0280856156408	0.00116378738076691	1	0	1	1	2
10	2098	8063.19641076523	1347.60570744344	1059.1793045546	280.796212335825	1289.66476042616	1628.59961223877	594.95642116814	431.745128661264	522.451737159475	96.1167937574171	1553.40048483943	43.1743426307048	294.285437767053	144.16414240562	33.9998529944052	11399.6511387921	3756.193742347	1244.95031073835	566.286651422536	1996.02560723472	1153.63578244157	999.349294172562	1275.11944641135	1771.50715126933	172.723859256906	7533.05694051454	79.9911049697012	1597.42037902116	759.242320511904	169.925138810096	1	0	1	10	90.3807324082201
11	1307	7617.51404588172	2383.94265205542	1634.63646054537	201.704880945375	1078.2022362013	2161.94724489867	793.545423708852	633.757592239535	506.287429247616	62.3182335237607	1111.63545668644	17.8749370627926	160.174185392296	134.126731229353	27.4221233073566	12139.6157622439	7556.24767522795	1805.49213799835	343.738194102047	2247.19189759624	1520.33503237212	1293.02809763333	1948.22084573389	2464.05229814049	127.162742923329	5995.36997249982	44.5886434624069	706.549609421693	452.546195411198	157.799478433299	1	0	1	11	74.7882565734067
12	2947	8067.58178916642	1031.63609773524	1127.51000657897	441.272014556412	410.037424492994	1477.89870232915	183.76467609902	40.23645240969	22.102227339575	254.748578656856	5887.59113545589	112.218031598922	223.97965558519	448.644139446418	148.92335088723	13323.3673603052	2560.34932468436	2099.98131486113	489.022466512593	502.744454009396	1559.35573312901	445.875297726547	157.801624178368	228.493690184774	341.085572190379	12400.8471413038	161.209735166347	651.135250820655	1071.77896016007	311.363484875988	1	0	1	12	58.9646488958285
13	5348	3892.61404975719	468.949325535633	206.639316160402	304.969285594474	272.87244555221	598.734360492705	19.0409133943522	1.3930788640133	5.37070790814153	365.993304838193	2858.46447589842	145.858612436226	34.9170342910064	155.572692634805	312.053228850141	3577.12804132686	983.721264151586	268.559413765716	382.4974363581	456.438893633327	555.870924686505	94.3569067139069	20.9296107739648	60.2751284820691	560.654337665896	8578.0938990323	206.799562799893	216.246732364295	588.340348071484	501.893749321716	1	0	1	13	60.1078383165282
14	1838	1195.31242475652	953.225569006712	90.6290239501227	218.048064079271	13.8814367854696	234.442884470806	127.12092703038	29.9036543182412	0.00326810835300641	480.555104767714	1777.65155186004	1031.01891344811	1.94598059497798	6.57979808345036	1844.00849094997	1605.90357762755	1970.689482965	253.578211213662	234.823715748872	42.8443333247636	532.238303771474	649.932965559328	200.746782500432	0.0554369803862388	594.946718788189	3402.35952654924	937.116168230471	9.2620805211547	29.5692057302243	1064.90452927305	1	0	1	14	32.9617151730523
15	1679	2177.86252584038	624.233190138439	418.406920325634	369.293293923912	44.2238229813464	1029.45898967574	450.000561149742	35.0685658986308	8.14655955971823	257.577702893335	5049.76012713636	92.483864867857	5.16045064379282	60.1175435852145	356.332602747466	2679.79072177856	902.066444563791	376.560621793923	336.973508513986	307.039259339708	1097.7809469444	978.029228470175	103.34748829983	135.883114345465	390.70727307927	9971.45956255751	298.96695353606	17.1914409515427	144.571268231715	714.642369206833	1	0	1	15	15.1349219449665
2	184	539.02502736067	456.276124078339	1332.44035565254	6.80153122644102	53.0172716564971	2192.16537512863	2974.02621202625	1434.25716569825	4.14153027839722	0.0947129984186637	2.53837357101135	0.00206109886684654	59.9529331820589	6.22958491009425	0.00385667646424007	692.717717813785	1233.18194578556	891.562789115267	15.2394171001707	115.173770099437	939.186190313466	1467.2459049503	1307.29494228698	12.7608687441024	0.207729748547826	16.9953886989376	0.00603999463875532	226.027722482149	26.5976356013308	0.013957963361451	1	0	1	2	4.51236448590797
3	146	1467.22527470712	1548.63661496398	1869.75459593318	32.3323487937819	173.956319128459	2031.93383009406	2013.35592256538	1016.44998126623	15.9258319893283	0.462919517745952	100.444648088733	0.111233418025391	232.064365334485	34.3691624503906	0.0577041356737075	1223.57502734799	3716.06083300934	1812.29216452593	43.5317843479069	284.008846076824	954.860239894252	1744.19974373033	1157.77696895554	73.4080559370211	0.85475128136304	382.543461017935	0.192361256196391	685.419605238024	79.4804972164617	0.159680552864772	1	0	1	3	3.41528950408461
4	1134	2834.76311051621	4688.5193590445	1135.20859189301	250.989671187222	560.633781302713	991.696326877063	254.528658533117	179.600502530481	2.97946000175921	5.32101291298649	2661.90126416983	16.9899210287604	321.135413282953	93.0331464337356	46.9579537244312	1940.1093617545	11700.3494087803	948.575914064867	268.297330205638	702.259457766564	448.812745081775	267.339754320716	319.90833000825	42.1778277998209	7.80894692082368	7698.46282788569	27.8856133412925	1070.64478523714	292.237347720954	122.6048079563	1	0	1	4	26.7502981478159
5	779	3206.25080734433	3553.67740844605	1584.99589579587	196.078542992855	1252.02792796765	1515.75254182646	1157.35547469335	1582.72520231311	1103.43311007459	11.1239622855062	1223.60757945273	18.0597005984421	410.824273901693	133.028136753123	17.4933328208153	3161.67487913174	13545.7193120006	1527.77755887122	247.081176601598	1502.85426187152	963.86301887778	1405.56224753774	2821.05832631585	2995.47415197559	23.9376203675285	6995.10535301375	39.671403250501	2755.11960831816	906.295759976135	82.6586121575536	1	0	1	5	63.4973071222547
6	1478	4541.50262887353	1121.7086392832	1519.12275982621	301.830761293592	1117.77025502805	1724.67510247915	1223.84177123163	985.426110637551	1033.39750611628	32.4766178778153	1103.06046365306	30.0512100287134	298.899878708408	87.0864181013383	49.1779641191254	5297.37591158374	2438.04529757346	1859.51723014266	425.400683056161	1409.03145170491	1233.77183850495	1573.68877186126	1722.12007221433	3190.95465126803	59.9396571379993	3983.50165755863	62.5779157046206	1196.09961230804	272.226629997926	173.002339285349	1	0	1	6	93.9388197597455
7	2046	5407.58542749083	766.894199900898	809.0137736027	316.189213619076	892.675034837178	1295.16790078151	430.079689133443	161.11154111252	111.308291779846	69.3328748941637	1419.32810889568	50.8345238608126	517.765056099492	481.678124462623	50.409182720246	5296.33888040335	2183.61686484198	955.611337813441	463.069937508045	1409.33407608137	925.003496585715	869.094700659804	507.561726688653	537.719595270058	116.491385212398	6023.80588027315	81.5032938036616	1842.20910794953	2273.5711733221	162.225714074762	1	0	1	7	83.2920415718303
8	325	4822.64043861105	792.177052648753	877.428442425319	642.116761259121	454.461132859566	1426.69156758776	562.55708499066	136.814713211607	22.0184277133069	146.780294266564	7453.09054856505	37.7917366055253	2007.06339238662	683.359677460804	63.3534562366169	4513.69404792071	2351.5760963351	1104.16119986353	920.645036207282	644.960157527359	1001.88424769725	1015.88948325116	325.028520567989	118.722670067986	246.326969229191	50290.9506719911	64.5275974842876	8259.39857366717	2536.10626169574	199.79429934948	1	0	1	8	29.784073803799
9	2002	7339.16373897248	1949.45523886995	983.320791135543	541.781297595938	992.777863293979	1211.01010445967	259.580759479712	91.7314096012045	38.8848218782636	167.249868291952	4243.67382888314	69.301455725927	363.49700690544	148.532176712906	48.7259824632187	7471.360729569	5802.13678069198	1210.27815955833	649.52738410649	1291.18539012468	927.311081360733	602.06331876543	265.35180346691	279.670880696405	222.335357213236	17557.9312612534	82.0444278435101	1310.03336277678	650.826852533952	169.627518471933	1	0	1	9	44.6793743833309
