STRATO	N	M1	M2	M3	M4	M5	M6	M7	M8	M9	M10	M11	M12	M13	M14	M15	S1	S2	S3	S4	S5	S6	S7	S8	S9	S10	S11	S12	S13	S14	S15	COST	CENS	DOM1	X1	SOLUZ
1	205	321.531518462126	305.779699199266	1437.8894866549	2.55987619079948	25.1594400356624	2371.45434746075	3525.9022703386	1752.5608675295	4.05204067392838	0.0418746423891508	1.15940424979108	0.000312024723787519	74.2059671301176	3.41626084706929	0.00111671209067675	493.507256695887	846.617950145398	1097.33423503855	7.03605635746537	66.4719465787964	965.934603871167	1582.27438407075	1434.6803298686	12.5581164822736	0.100020365215056	9.76344803866045	0.000925109751850987	350.364320267927	14.2634244872521	0.0045548181757954	1	0	1	1	5.87871204783183
10	943	4779.27576318731	645.505965832535	866.246137130557	310.583623294421	681.84803120378	1405.05693165091	411.854725068635	98.9809815699768	82.7280530275499	72.4627304760537	1852.81696806925	37.6976962347554	882.054548591747	801.36667277086	61.7895399672503	4746.75608870729	1899.83456970336	1105.19536632249	600.628435132775	1314.41552252386	946.725016233363	776.74089619424	340.427034013524	460.890112423181	162.20659871578	11272.8534195659	73.9006373727992	3516.70300219412	3122.12039035077	227.271161357365	1	0	1	10	39.2373931801918
11	150	4885.99880930507	716.720059040778	927.461712474923	602.372197096393	491.047594430877	1520.53732184769	652.903568318218	141.794800413925	22.0911659044365	142.037189249465	9318.71253505977	30.5310755725489	2432.41645314702	794.068510912062	35.9203174522157	4366.74062641285	2112.63020285071	1240.00207271493	789.133791880418	707.976732372201	1094.06692791467	1134.89950906023	322.724243934142	130.157319371702	217.194879432789	66564.7548917019	48.1696233741792	10141.5301957546	3024.32344475535	121.327103167468	1	0	1	11	18.3956015960175
12	2060	7153.37477086311	1924.3519764051	974.513405153168	541.781004374133	968.24055580901	1209.85034204062	269.951787066386	95.3345389741703	38.1498977103194	164.685441627424	4370.09946370544	69.5689037383391	367.716741219312	154.129797518699	56.1030398487967	7283.2360815756	5736.23745015678	1201.75763115647	648.330848224011	1280.43713463503	929.926327134497	626.794195431173	273.363724127748	275.916337157801	219.097396036522	18230.7129907802	84.7878344196643	1331.74391581555	668.301050161822	190.363928941432	1	0	1	12	41.7130963205822
13	3547	7917.7103119652	1748.68202745331	1284.8340257817	255.946710691711	1181.53651540525	1832.03679049984	660.042726381699	492.462049219448	495.820748869755	85.4923894121358	1450.82223008699	35.3778758044091	241.180296292037	141.619031848258	38.5420162057389	11627.9525398921	5545.02824267323	1514.68403052275	491.64692093097	2065.71779603109	1345.54788505589	1112.53189569515	1542.12824887955	2025.73390596331	159.917992928066	7027.21513158882	74.0280675177389	1309.76835499408	655.742239375683	187.840145692908	1	0	1	13	134.159453711678
14	2089	8215.5046738318	1197.16390423831	1300.83066861341	445.938568660913	335.669377065322	1638.59408724201	204.524523849471	44.4225068396901	30.211539619188	222.50847948436	6849.26265896368	95.9885073897674	229.770223230909	455.618817534286	188.6103026238	14849.0455988093	2485.76465721786	2391.4380114952	498.513130663911	449.72814589033	1683.96094030911	463.901504802671	170.795470926758	270.761148661239	331.55753462302	13025.4541528257	166.116541742661	563.636325214552	1152.71597109562	460.308308200286	1	0	1	14	25.5974769645906
15	1920	5230.66460014285	546.938053756045	370.267853199704	358.995963860418	357.369399057249	730.942399437731	40.2881026414644	7.2789684235093	0.768058359611425	307.750838843063	4783.76549282723	201.760069303886	148.450274639892	372.597762855085	342.556422995659	6138.47494573634	1625.63490615568	552.163240045707	394.730360129497	494.059413838146	723.174343971221	184.970315401681	54.6659757165746	8.06911596787977	346.992385397804	12705.888863295	223.844060566161	636.048186249339	995.186010783217	483.249924714985	1	0	1	15	22.9168576015821
16	1027	5905.62513146729	593.86727295976	139.241789379996	411.157119201275	690.660893659488	386.404648850008	11.3749864388042	0.118156434899754	21.1140239320999	458.404538837289	1356.07582700211	134.627205041442	7.38640664984186	41.951652420741	212.293447321967	4118.35244900564	914.32503094927	179.317626880934	523.033417524098	622.71082026315	334.008951114932	70.8509673361229	1.11240651165927	131.13767344147	515.813289110283	6354.35840664841	159.199458856158	36.8582353570628	95.0651477403545	337.596975669593	1	0	1	16	5.60452378301067
17	1765	1619.11365044247	958.072686651255	51.5408580076007	300.925212733906	94.2745857612752	164.471168492895	0.531297596611621	0.0296258960902195	2.30617532525774	508.304453269556	2053.3813499497	1004.67315735206	5.45893979460296	17.4460061885459	1831.22790274475	2650.56651323914	2022.74425415719	113.434457788052	379.718443529287	337.868986900186	239.596506588785	4.2088603633449	0.331799006344968	24.8827096587057	608.955542156392	3849.17939523437	928.133010108969	33.3903009143433	98.483814704181	1079.93062765067	1	0	1	17	16.2025536683289
18	865	3051.93288218233	345.678183185024	95.8990086563342	282.367169503951	160.440893407155	339.382844728051	1.4980410506103	0.0797857717105464	0.188206228660447	590.704702050106	3033.73839496421	215.352652926676	9.57897162371403	72.4953724655321	475.205926498713	3265.48151689906	366.44956240645	139.608574071765	241.494440019474	263.122948296262	356.86660226107	8.04067623666255	0.706034841938169	1.18284477283572	647.841492502636	8952.91644139701	419.816065318664	34.3233303805295	193.264497932006	622.581008435987	1	0	1	18	6.96880483321908
19	4010	2665.99904991414	482.46377181161	339.997651838562	269.272162008819	76.7996973946594	914.742799187523	264.552478905615	30.1051972435405	4.10594617375129	267.518363470659	3177.35922194124	115.532252995987	11.2695141756229	109.893654488416	285.089119435926	2812.37370928068	766.057095069657	357.167090742217	300.723229506131	250.277056089226	899.304058888665	791.317270290672	153.450602540817	88.4989104480046	516.811257576352	7339.4792664585	291.27384336838	43.9274397556748	338.894699323568	588.955141524923	1	0	1	19	30.7980521389668
2	123	1588.54917215805	1279.37102134267	1611.01077215056	33.2858062215325	156.97515715724	1756.36259368926	1333.48284646266	612.662070675687	0.492463857872927	0.444582232992182	65.9127502006499	0.0646079312141738	267.969558175901	35.1208733423998	0.045334268192766	1016.5589895128	2405.84905239699	1382.21808697954	37.2446650902955	209.261090309338	748.794076450557	596.093758541395	458.259122237626	1.5021086393674	0.624041633562438	278.359979915111	0.0908894333985523	723.708848410617	78.3823797393614	0.110919186381535	1	0	1	2	2
3	15	1999.81724443505	5279.61307796991	3054.28725677365	23.9572250614044	676.965125910406	2484.16621029524	3025.998125214	2624.25375406377	159.197787544654	0.384748113174474	2.81260778370312	0.0945822915660013	10.6364197656879	4.92140177155712	0.00511526476252087	1660.90662387605	8907.18459940435	2975.67801666981	34.6072417325206	580.164360378869	1021.41316888794	1792.49603553737	1803.99309637288	177.226586732366	0.872040387108442	7.17674304870688	0.15895468293761	54.7673873537135	20.1903061326119	0.0198477099593428	1	0	1	3	2
4	868	3029.55120493832	5134.68934550465	1211.1621999622	198.566191548226	652.977401022832	1072.41202271644	320.091771705363	212.0181326853	2.53485780501227	3.39801305388273	1336.78103177111	7.59130973853097	339.807144280177	88.3863411985763	8.49377475253807	1951.11449866106	13090.3431249992	1010.70134984906	215.251205884404	733.66016567582	455.595673701332	231.69921826996	257.378759941183	33.1688422185149	4.1230981889083	4341.74778415409	9.54875428222263	1067.86581378108	261.140884899157	23.8733205562569	1	0	1	4	12.263348883063
5	463	2991.9429269262	5546.53777482868	2000.82676700203	198.191021464582	1398.92572222916	1646.07154587094	1324.04453771066	1903.66864522591	436.002340714531	4.32896274383014	829.658963970532	7.09160554135342	478.109271675571	136.858044752172	2.43642084623679	2380.17136943218	17435.2236965766	1798.82936117404	266.658820718426	1684.49854339742	1105.25149454335	1562.97826568615	3323.44868986683	1423.18684410719	6.85999459092282	6273.53553924613	13.230910452389	3525.85098717336	1129.04797385781	9.75638290138943	1	0	1	5	36.132994233076
6	1511	4141.13878473982	1040.94464659006	1592.54687989141	208.262784587014	1155.91239936491	1837.5101757095	1391.84788537528	1203.63664624566	1446.75735192761	19.417176254302	595.781260706578	12.1218432658636	314.032488796799	84.4910401284893	4.41043131565625	5127.50405691728	2332.06250143438	1820.60840635928	339.214729166473	1399.39080658587	1175.56544074001	1546.49076445371	1827.30193276644	3672.43693507572	40.5182440653205	2367.37620318815	25.7465102430799	1240.31832337903	274.890118758764	16.2464647717174	1	0	1	6	72.9967947843202
7	783	4698.41336820855	1056.31622970587	902.159049103108	313.243756020861	789.651485372114	1372.36290690296	625.987154101987	301.439394650308	169.66651664767	43.7327109129668	1251.79898823074	26.9558662421024	387.47070506837	174.341144073718	16.5693446576364	4833.1813248476	2935.11925146924	864.186262332898	408.203071943903	1005.48339535167	907.825628361874	1080.32989407077	702.086397628895	651.817104870188	70.8589817938716	4920.2593759002	44.0474187456638	953.713239189129	516.994361035178	47.1592003477116	1	0	1	7	14.5965496373016
8	772	5663.78141074143	1516.82399152873	597.078693569698	571.789109036078	816.128496929066	701.096890242115	35.0994006465227	22.9286523816627	11.3172742221173	95.5127611717952	4516.17827471239	113.95105365947	189.668975193547	115.39046937698	192.675330277451	5605.04167321585	2425.42564114306	533.025193672069	520.800621690889	1034.08847030937	370.394306020442	197.179330645505	105.29453276821	174.117506887228	123.502332779955	11215.2436223159	93.124612862673	467.206652832238	286.86987367242	235.701104883274	1	0	1	8	7.41881500778119
9	223	5611.70723585388	970.038542302627	781.571927737031	263.732295393657	1284.61527757056	1214.1717606833	163.602612204233	29.2268802467627	49.3003784051761	55.0224215593026	2002.75129681903	56.5823115978161	772.529593435731	702.471971212237	64.5018862340767	5218.62463750323	2183.67806219059	881.946612152436	289.928083806652	2448.05244220549	921.629356367362	265.190090163275	118.631474598317	383.055524465768	78.8386924512648	6611.29042940726	87.2892999714896	2263.95165195531	2698.65575028872	197.106565428813	1	0	1	9	5.983660297504
