STRATO	N	M1	M2	M3	M4	M5	M6	M7	M8	M9	M10	M11	M12	M13	M14	M15	S1	S2	S3	S4	S5	S6	S7	S8	S9	S10	S11	S12	S13	S14	S15	COST	CENS	DOM1	X1	SOLUZ
1	1098	2156.09225866757	3277.75128180487	1293.5278551963	135.658052454618	326.453723724058	1407.48325260465	1058.733932551	550.690586057421	2.54127414073769	2.37587268625077	1086.95686365695	4.95265347799885	250.236221701408	63.4303396538771	8.43896595449003	1839.5775149496	10923.3442034188	1129.90630058056	192.852671574973	481.435590080233	817.928436668259	1468.12264669183	939.322519793968	24.4553527104289	4.01070149429831	3953.88755810759	8.06509243914793	701.114030932162	142.519357591318	27.0004413420666	1	0	1	1	7.93703395620248
10	295	5142.0517240564	745.357518861247	883.072119880978	667.302504086344	493.828251795564	1460.40340175264	575.354467917258	134.175965891886	25.6225097902493	154.838916297908	6618.76047949633	28.6375802639179	2095.31545995016	680.155056264127	27.7790719137442	4880.78736635378	2435.74442613166	1102.08545571148	1023.69281475759	652.023532717342	968.39625135215	998.746984471502	311.763052351424	126.571995536779	279.355297426177	50383.9347774023	46.2126568429332	8622.47058815463	2620.4534221657	94.5272324950959	1	0	1	10	15.254420342778
11	1181	6524.97509942777	1886.60016676803	895.376390550056	653.913973595096	774.605923132177	1141.18713449669	241.629029079098	79.0909695553442	9.5705046463808	183.865236395082	5088.43663031324	62.5596287529386	246.732734893375	153.154507581222	38.3385762121722	5736.29581855707	6227.34356671014	1061.66175118563	708.761637785625	941.843763982371	818.949604032826	615.990103533091	267.919363480295	58.2918267834985	216.234221688745	18988.5507091852	60.0318273645799	905.285036256515	462.43785117089	87.4774129236237	1	0	1	11	11.0141056181562
12	2437	8014.3463831234	1406.61995415919	1077.5477329832	291.975645869059	1313.31353226583	1559.82804480742	547.152638571031	337.333518052834	340.707482112388	109.366387618186	1897.88152356586	47.986579959201	362.452362696297	149.253914605462	21.9911742818632	10826.7539378296	3557.69293765713	1240.13698037639	479.341315937892	1754.00901634075	1135.84192008265	942.235490522301	973.84920034091	1104.94093808675	197.274859668095	11392.2463456002	75.9683755336011	1539.182969079	842.720742223903	107.502115108082	1	0	1	12	34.4556309510551
13	1196	8574.36523082126	2440.20279442307	1463.71570959721	272.139775308886	1349.01163010181	1907.49034976697	654.448922743443	744.850536499843	830.593318484764	78.1602400957486	1375.12539647258	25.8203518567722	264.490211106428	130.992534481522	29.739564169769	13200.2798001786	7126.1861458321	1741.40677850155	606.58996604733	2670.2734587017	1338.46021611017	1102.73173593305	2215.34406963357	3100.78060091616	146.316324229762	7392.23652132816	54.261602027837	1513.15954302466	455.326047413495	163.870733780024	1	0	1	13	26.2968564831335
14	3848	7691.85968800056	1056.49297365958	1128.76162900999	378.845992500379	440.059895261589	1537.79282406143	254.0377020064	61.6246191488316	17.1412393943502	234.986514502713	4946.7840295222	95.4725426870475	219.418175341198	431.986861992315	106.959921544015	12160.9272825644	3690.30207346486	1986.52774575723	450.810841859631	672.310249842371	1553.84901943026	690.629430336076	280.710655186375	200.206663225317	340.236748670121	12277.7126874587	145.183359155642	656.180816103339	1111.8084177435	226.575933848843	1	0	1	14	30.1444246865872
15	1159	5018.85109116186	552.102820012934	172.312463795916	257.229059867728	549.077206582845	490.713473272159	17.3275119400294	0.275651641359554	15.9009933492818	286.960793612482	1875.95072408573	107.311171037111	17.3117235168901	94.0453329774643	139.572848536538	3535.29034396515	1000.42738397467	227.68071650395	367.905123433905	610.888429606316	415.907562723477	86.4473880198379	1.97934086946592	120.685791683829	293.705813714941	8108.24768630828	121.165880331289	80.5321897643801	285.542511659001	202.184753912075	1	0	1	15	4.73744292116582
16	433	6412.09303938506	758.742441433738	189.693193585088	811.835826870944	603.312396010949	414.89660999059	1.80005788405309	0.362894889006206	16.6623389698589	726.143783351172	3759.45909443945	186.210092534374	34.884217953489	71.6703036721272	458.315025901592	5263.72892624988	1574.46168358745	261.361009716151	684.800771964736	526.409368131669	379.56102120463	6.21333098135432	1.7115250889429	66.6530348655324	725.229155473849	11627.7303764239	177.295384883282	167.099334955309	244.229094908201	579.730280636859	1	0	1	16	2.5475488840617
17	1088	2811.53629674574	1197.07549168817	161.358803293955	475.806163466688	148.457370744952	331.875855595318	0.708778676000988	0.19969776039633	0.125343995187711	372.421473866647	5800.23518921106	395.040648351715	30.5326290414062	64.3289633403497	1096.8934698036	3618.86716630656	2367.88164149646	202.340949650093	397.10468676721	396.886058150726	257.701585324327	5.26022254328868	0.928220578332913	1.83917944125501	527.944163832665	9862.36737013452	355.723846329944	86.5865953848171	174.602174482706	722.249181991553	1	0	1	17	4.10096359526738
18	1304	900.732929879288	981.938505476492	21.2291852051292	202.14240671851	9.58749851712607	93.0258010709794	0.00424210189168562	0.00179966115420619	0.000798722201540778	494.019326978888	1587.50385660234	1167.20681214177	1.08717097130889	2.8476508595162	2082.05291345155	1034.04764289542	2086.13531828322	41.4903091251518	208.128520088712	50.2037905998083	89.3854697584467	0.0914208136990475	0.00933215193135465	0.0347801884484397	592.918304587139	2812.53229271266	916.748327703736	5.4405178707506	9.70105687039172	943.755304172254	1	0	1	18	2.39346801093084
19	2398	2711.39865242635	325.261736372872	227.255458685437	202.963890092548	113.493597353555	707.411200069087	25.9784362063966	2.81776732101129	1.21268176033242	312.8435888887	2285.11053188747	157.240938496238	16.6151945836805	149.903987251746	261.868677300763	2375.79222108975	380.077222295243	283.648749067211	235.893433603545	213.523069190016	635.289129265263	110.363712686504	31.0922408600495	12.2337393123221	507.554229758646	6487.74990405429	431.30715143689	56.6401762767016	425.529991526604	566.592123156302	1	0	1	19	5.31687134760667
2	318	4003.77014526534	7439.73256530636	1398.31051013599	348.879759955388	1335.34262019074	1055.98989394908	327.532202690178	405.349403637994	19.7119866544469	6.88315227664738	1922.13199603089	15.0320755085986	661.202815730572	164.147553944918	15.0190865442835	2000.61977642505	13389.2375346236	1232.52482372429	316.518734876145	767.705992704766	560.918361434673	562.538011914754	843.410594091952	114.464054908198	6.90564310689944	9573.95208517386	15.2072952213303	4039.68851511467	1199.08209844394	47.7727826292003	1	0	1	2	7.98489486386151
20	2287	2608.09144114706	610.569367833555	386.677518783516	339.291740797235	58.0697397213577	963.156213381216	437.065756482474	49.861038302766	5.99432613134492	317.835675835767	4190.54928148845	133.685398343087	5.0958803268305	58.6930426176921	398.715260540637	3053.13600414007	944.658092589246	384.257344182705	327.60657804465	278.434790969561	1042.27763169305	1008.05318180603	198.414788226099	116.483146151448	578.564325628419	8834.38907976929	363.535100269895	16.7260984587967	144.302010757783	733.049879819537	1	0	1	20	6.81730770229158
3	423	2637.31288583878	4018.50170825174	1951.14422020423	106.199342037917	1455.31596049831	1750.82535708799	1569.82738384686	2191.97566888607	796.501103249875	4.5192463079523	359.729163251255	8.52595757129501	266.00020274189	85.8035829259343	1.24183194693762	2678.35746478865	15898.4074773756	1769.60149964266	136.769167438936	1841.74685117926	1112.65343058856	1561.18482426197	3420.75150408318	1909.80870287978	13.4964601826346	2456.05590260178	26.6458508429746	1695.28965298992	698.956031212539	7.65871877647619	1	0	1	3	7.45283708248369
4	499	4619.62698860103	684.873941129208	942.966900869164	251.05487428704	1250.91662346221	1336.9280025735	820.216399171542	1079.38530291364	3032.81019450411	25.8474405076969	969.34214576111	26.3353078712165	305.638074918208	106.910072754764	9.71011134448625	5156.88940801945	920.259767903997	677.571229580505	275.884885824915	1506.20048502151	641.559644086353	1067.28665044156	1737.55839123373	5546.97629082596	41.139868629283	3266.71856314924	46.3496449573987	894.167802231348	259.426646533031	30.6140319036363	1	0	1	4	13.6506526546286
5	608	6072.06864489429	1664.91595924379	1612.9655527394	347.567966579829	1362.4738431104	1662.34924254647	930.340259732944	868.893617925443	669.700096058841	38.7687302840229	939.678675244397	30.9219796548365	136.07504879978	76.4991705442511	22.457580167694	5563.9818234156	3287.74928512569	1917.5084033548	430.778353274855	1467.03005798222	1268.68497509662	1470.02773444941	1870.25064081979	1951.89768525422	61.5787494006987	3505.14006910716	44.2882448148834	450.107598887406	299.565499058642	64.9224377278516	1	0	1	5	7.59718717338521
6	779	3103.21292342558	915.513492497105	1587.51103627697	187.645585004106	807.317645366659	1932.50117454335	1619.26790997626	951.722310788553	211.772791297909	20.8474288180423	668.35300437218	12.4860229374107	463.968379182477	96.5398390743718	16.3675379499218	4503.09800989209	2652.25744472085	1912.54247674897	365.614394562583	1072.35289643808	1259.4751944603	1657.02685237994	1465.07491971483	580.643486455113	50.9668311559799	2618.84194772428	32.18129178635	1581.59839967888	256.42173213362	68.8275135689837	1	0	1	6	9.09669368204088
7	1039	5350.34131427645	1110.06464383992	701.596270503888	475.21949569803	742.501737853578	1013.18989902434	268.403163569158	137.539035401687	99.6006871212388	81.9501595175407	3303.26846961515	79.5879547765514	313.535679328595	183.65212729079	124.826005344631	5412.07776592628	2300.17974967083	692.254443500779	514.818765611025	930.076047771639	766.881411792774	743.88892600413	471.683030491176	529.205403954524	115.467750689176	9602.45275510764	93.235552259613	815.400479912516	568.374373544348	214.476001368755	1	0	1	7	8.42842427855258
8	364	5733.62880267937	724.487512487861	886.094224557679	190.983723211608	1214.42967329588	1416.95371091825	332.006240220188	111.765864808618	143.033788406834	52.983631999871	995.892344196042	43.735481719118	1028.95699822451	1080.16200243551	15.3880367372933	5794.74029784346	1936.64878459743	1071.7400072477	226.773642186861	2235.79375018586	1021.50198897836	602.061708937857	421.94180035476	692.058047400355	89.6361077759722	3227.44106627312	78.4562986110048	3202.91242289887	4284.2276509868	73.5577034599905	1	0	1	8	8.16414302309107
9	585	4559.5420164039	587.545563669407	874.803314304357	215.873274670852	691.207399044825	1422.5880222651	416.835875103019	79.8198438786492	57.3956479066267	50.7547284987013	1187.34605520558	28.2173695801042	576.533183658058	692.83798893748	33.4103358827177	4111.59946118769	1619.97152168259	1136.10237854438	345.720389959789	1336.46115385459	925.658260602709	803.853184486229	264.102211796165	304.712591570147	89.3618593655773	4600.98485688548	49.5046893733509	1990.25803995606	2379.80931894556	140.626308069314	1	0	1	9	8.17287379201624
