STRATO	N	M1	M2	M3	M4	M5	M6	M7	M8	M9	M10	M11	M12	M13	M14	M15	S1	S2	S3	S4	S5	S6	S7	S8	S9	S10	S11	S12	S13	S14	S15	COST	CENS	DOM1	X1	SOLUZ
1	4	1.44142079579939	17.8368893290048	1875.03063982749	0.000459325899384869	0.00199479822508133	3524.58685822074	7285.73136365105	5345.12793506643	0.00232669814457843	0.000163428825694504	0.0222949554610089	0.000000980756847434452	65.7461718451247	0.459785084589532	0.00000384123610770829	2.99072911067322	31.0613401625284	890.299436735124	0.00094463403657121	0.00371588544603641	1059.17999966226	1214.31548604043	1667.30852739079	0.00257832499178532	0.000337625782543514	0.0614807938527103	0.00000178691726129825	127.181271842825	0.968476993618749	0.00000641853042389339	1	0	1	1	2
10	121	2331.78244721188	6687.60779665923	2503.75039107899	172.404555392937	811.261257478567	1867.85863297292	1711.0831171284	3122.99672980568	456.575391573531	4.40470437303459	837.737677887497	17.514058615428	410.522537641927	149.919027021883	59.3966085345425	1921.65961615685	25644.2295933583	2301.50509163033	219.080713903014	664.159160281597	1284.88883340364	1806.85610298831	4931.75304426723	1370.53376555096	10.3865215594539	3670.95262151853	79.5492814530993	2414.46979798029	1064.91453618071	257.716125544492	1	0	1	10	2
11	223	2324.08984816497	3044.48249155956	1715.39720456102	159.012471384026	1489.756638784	1594.23748633545	1450.81760935422	1786.32668447313	583.29875512498	7.81565066110576	1467.42145653763	39.1248159599119	196.247971870727	61.206659264765	156.019735122151	2572.1589713463	5172.8420680931	1577.489902232	257.678340163319	2306.16432251126	1202.79407125704	1597.93997924421	2716.74286854988	1672.85969789518	17.1565153510507	4815.75309504353	105.116754975362	953.164011361769	365.82618029198	373.513590147024	1	0	1	11	3.03781087251607
12	164	2827.8460026994	1477.42174760314	1099.2593096878	131.4630886806	1411.10615422368	1394.0201972699	1149.35222008638	1337.24030254278	1694.65950097554	14.3008955027567	780.24417708197	36.5626846653464	96.3106651762052	39.1702935087843	66.2074011183597	3547.72838831211	1949.49043043844	729.899479511649	186.20613623959	1438.16543770192	738.12957560337	1113.52235569127	1703.1841392066	2761.19403934413	29.6457321458155	3286.2515239825	90.1611744914329	281.878929765254	111.86781090396	271.304902276585	1	0	1	12	2.39529769648499
13	118	4270.2956338037	835.127557656725	868.024787417347	285.241365766513	882.94872319023	1166.37019226621	568.450809357608	627.000435705966	1070.26177127062	28.583136545375	2146.50843962577	45.0284394090704	419.901991119727	167.151161202022	89.635565677859	4156.17604603104	1146.12654204408	544.670126677689	244.269475142567	951.16615978956	563.753870996651	938.894032502435	1429.11627316571	2965.69883534968	37.7764771784447	5371.40941044514	70.6823950508533	828.711366532271	295.279499016756	269.297494744525	1	0	1	13	2
14	270	4123.88783570341	662.765719671339	907.662575815445	282.799566145126	1048.60312286024	1317.40357194385	806.955980595326	1078.90473465725	3705.42533338796	27.6344765286954	1717.32580188071	33.8554519562939	346.760297321026	116.941997326226	70.8511279853899	3883.4495361137	926.48940222544	697.261202110895	309.372400919374	1223.32835404674	666.578515456084	1076.4806412645	1813.9102001506	6430.55316912964	40.5252718354122	5937.45080643809	78.7804237232473	1050.84266272273	286.107938308566	245.459034274138	1	0	1	14	8.54036623062101
15	125	6974.89256036461	827.344395609827	830.323490111194	371.891357047815	1960.62663342686	1177.45603387147	521.539934244726	786.816014605226	2281.69223055789	40.7762356121545	905.094895268008	49.9431752282856	119.120495571413	47.6754532042872	50.2622789442859	7859.47465061995	1100.91235342315	695.011571320919	390.013398322281	2297.90242530463	656.563799460224	904.783111407652	1399.67099724755	4622.06417503702	52.6942857636479	2592.49748568925	75.2462704780237	390.692800701747	122.054988304209	193.597747102458	1	0	1	15	3.02853292711628
16	359	5791.26428193957	1228.20756290006	1210.68975102799	319.014321166429	1311.73681485973	1423.71210963556	746.620391444089	670.006813570919	717.105978588542	34.0063998883103	1233.56124750883	52.475121144336	129.678457003223	60.5561895672369	93.2222410657146	5120.51472222158	1988.39462789828	1209.03060412616	354.577445354576	1408.89029075747	1007.2103307775	1267.83198305915	1515.44863365163	2068.3490150563	42.3459806494599	4667.93841249161	130.911542560722	454.157789555551	163.002864296244	347.583085323966	1	0	1	16	4.36243660120611
17	280	5776.44412509139	2213.31717751878	2159.62871984245	446.651690445276	1191.67156138068	1950.87360265117	1231.18814100696	1131.66866354332	459.602124922271	65.1205101745395	1208.06682112195	70.5604206308206	139.884275729196	98.2774893572962	144.74196460383	5611.25774836751	4366.43439609249	2592.61888192027	556.442512037257	1316.16410652314	1599.6928189183	1696.27290735046	2179.67160491886	1372.0715920247	99.4234521205788	2939.73524960057	163.052776982296	390.43440325102	399.780313962725	427.72973730826	1	0	1	17	2.83866927303421
18	191	2910.46524077404	1202.53743902522	1597.07873172194	389.087228798569	658.714181879134	1778.12591811342	1542.14623156992	996.464362036986	176.169570269057	48.6230594694486	1779.78537797811	130.328826923955	157.964826472362	49.31731887331	407.903739880939	3763.36708513856	2241.13303558592	1822.40159833778	509.017807699883	789.565467122015	1520.7071562128	1807.83493717979	1424.38715537628	440.658730909631	79.8724939849281	4480.57686818394	263.578279688996	382.356744440677	107.611209514127	710.422030651842	1	0	1	18	2
19	251	2728.282907101	861.21381248879	1621.23487344087	208.194315839373	815.748557805465	1872.46788257268	1503.89405944948	859.588980200774	259.572953663731	20.4975207956337	1133.91673339588	34.5349153490737	718.581646900951	110.826992390762	100.100413188133	4699.42031230748	2118.09857548918	1833.36761328844	372.238807632163	1224.60826469917	1096.43921318025	1197.84749016768	1015.39803856884	638.079803408517	50.2530469198412	3834.18218642086	127.844459093326	2422.89488395684	311.690266685859	358.467960103266	1	0	1	19	3.8204057812144
2	12	395.900492256995	665.120253574516	2428.06303428195	1.80286356575702	0.846381227163971	2169.68595848646	2207.22949290267	1963.61458238599	0.00534021949204918	0.0372722530481162	646.879979056446	0.0761454476798298	2115.47068010397	110.393613663973	0.0097061042142042	292.885392394117	766.347635098089	981.121374921363	2.25674970656183	0.749802039084057	642.43176722239	1166.56720438208	1339.10545993233	0.0110696302653131	0.0463606655878139	1032.00292083613	0.105388694880187	1639.19885908684	118.591732185233	0.0121907317716162	1	0	1	2	2
20	528	3382.43303593569	1164.1939401499	1009.58180371642	195.682630723967	678.103551299778	1433.31202260776	1052.85321409364	575.184639638128	125.86299012497	36.7271689223229	1329.45354978837	89.9500109840811	346.694406846963	104.309635377013	222.612500048135	4360.03271828277	3290.01148478796	1551.15090749215	232.286186369104	1000.2652902178	1177.65870446444	1648.41775874271	1427.79816204493	496.887734200218	64.1043022359565	3919.81098608213	253.039646716237	925.396013724073	240.99790815379	593.567725045204	1	0	1	20	4.17619881693554
21	383	4404.2595210183	1339.82693299717	474.833110609789	391.194366948836	652.672834703873	741.624110755596	178.237825481843	64.9051654028847	29.7441103793489	94.6461770451809	2597.72509951757	321.598604221053	284.885089648494	124.955400578362	730.921472079973	5065.60775869204	2485.74771669716	620.735701857416	317.313219601525	987.293239453427	777.430336078983	568.740366354369	282.676269654064	175.173090482955	102.556142303679	6425.75906258069	484.760555169334	907.477809184478	383.000062889929	1012.44348698536	1	0	1	21	2.76847694335941
22	371	6628.87394560152	808.151165326325	602.310464313259	598.430477689839	869.586796737088	968.371438314788	316.583054871079	175.837643838288	114.667505316667	138.040761068697	2513.45832628693	139.18372393921	125.782802644712	100.981768904415	235.469611564694	6303.71181383823	1874.93819645767	696.19300721515	686.716655334202	850.981768337482	804.984716195307	902.388621067201	574.151220116412	530.222641196236	172.453553423937	9933.41879338608	219.469964344998	335.157284163861	250.500861180865	552.433479342927	1	0	1	22	2.49418996846504
23	339	5166.33904752049	746.532189780365	744.669870434106	285.384383539146	1065.71171953737	1235.36819113267	299.199497088637	136.395020068372	165.200617878141	79.8172350611767	1649.98903058872	97.5215621484148	666.680532365957	574.282200802234	176.867388637001	4936.14973165077	1800.04033730605	887.268743658767	325.856997652541	2105.416827855	958.736824362539	654.050054661107	472.605585651373	763.228347298119	154.212375172968	4961.20845632004	248.884581033672	1938.34205036729	2257.64726253097	597.662311154934	1	0	1	23	5.5130091778177
24	382	5213.4127797083	675.30981378993	899.379115191619	170.456786439382	1040.32824062728	1400.97435044936	368.709828980514	138.278277800628	156.180987860025	54.2305924274786	1080.46813684947	59.5089790040328	895.091636856941	1088.83968434474	72.2087894234104	5338.14020237265	1895.1961683528	1194.57848989859	211.916498221931	1852.48761258318	984.095700426224	713.664130248169	486.633851081881	695.110188147144	99.4282780874126	3073.71925961818	173.5852388591	2961.61639321099	4163.34454743825	332.313721244164	1	0	1	24	8.87295917996089
25	311	3788.21746116603	513.849038362259	783.464426832154	185.200581729212	422.975768305859	1350.77681300495	485.483071161663	75.7220618003988	43.553191040599	73.7439729745148	871.172845266909	143.7893782834	310.828157110033	542.713617889003	283.527259703657	3611.79062643124	1306.54495364345	1191.93723152036	228.260675668259	737.910211952082	1075.97645548521	917.46990456343	175.702207900332	176.576499897099	125.229204248383	2349.84919548462	418.72800686384	972.425330462494	2035.72523927208	743.249761462472	1	0	1	25	2.98161141818654
26	162	4856.12596217436	513.146380112806	729.709804645955	485.619469553343	385.563649837888	1279.87055136452	311.934501248738	42.1810195712559	12.2657425819386	150.140626906979	1404.63395064992	75.9626330013568	833.850173718978	537.46669102001	140.917029306415	4634.98261745591	1684.32537279084	676.25925266759	777.439656753671	471.351295907305	768.826465946349	579.105378872838	121.932047359062	68.2639895445368	262.147976239599	4047.23261718294	206.485126669613	2922.93291744088	1919.36819051469	462.161453864227	1	0	1	26	2.96130357930225
27	223	4819.63997008191	723.806251881347	892.819937946788	677.083193825442	446.452870213785	1436.65063949358	536.875243451656	118.230402114872	27.4996803637499	168.612427456369	7493.80254413168	58.2126218844153	2468.27944245647	766.73989523161	117.166858618106	4724.11414404425	2402.00821958345	1162.7930587241	1019.72660022047	631.025896463866	979.211460516343	936.584584764217	279.812219536062	138.105963644956	284.633930341068	54273.4043556131	152.346457781897	9590.23401393336	2858.95640177035	389.684700469707	1	0	1	27	12.2462236108424
28	66	4076.11782205003	732.328719792966	768.140126435042	574.549663552389	375.514959963869	1305.33413129351	582.03589924071	166.550002986435	13.3300903496647	169.494291360845	10767.0422156498	132.052632519958	1344.29290840009	667.803313587175	292.303062672592	3955.98475578015	1812.7728550745	985.860193476024	620.679950075334	653.912854043248	1103.91222786227	1158.10548015592	394.742826286751	66.4977431000789	198.991763492911	49283.3570230956	365.580950793442	4646.32028206823	1915.69521296097	656.16164113739	1	0	1	28	2
29	387	5048.53462713602	1224.49654794205	617.483601043505	669.777924896675	418.533926138858	947.917249206483	248.058796066472	81.3865486835885	7.42342641755192	221.911093427821	5331.04782430359	119.409918780202	203.160287589625	198.415182132345	208.396681479996	3841.25612357155	2926.59313387736	635.460146797938	661.153229542564	531.768372865079	711.580889221113	743.524023657424	272.311844223594	53.1736577071569	210.907512490114	18657.0803562236	238.207394535268	729.920200731545	602.342835862952	536.007355539579	1	0	1	29	2.50033337596013
3	52	1002.83128300257	1803.27831179326	1809.67147557662	57.4064568465127	6.26574962386806	1429.81659754974	599.064655003012	521.022388301633	0.00351522699904888	0.804455881569133	6861.87558660758	5.42061325894692	1344.19911188019	263.370625599249	3.08799942465845	471.757334440729	2103.72134304309	794.630453401499	70.656308970814	6.3325407890858	527.343710567041	771.317592428763	499.275473538779	0.0155024826993995	1.20987195640317	8843.27707111143	5.42750614116797	906.411257705798	217.094417989909	5.20065516438793	1	0	1	3	2
30	585	6258.89944385798	2137.22222585813	802.754059362946	657.077149667096	689.107057605546	1017.7426805001	178.824784165376	36.99811342588	9.30253697090359	190.725820537092	6166.21806152277	101.209275158178	141.937383267883	102.191832756522	171.17588679438	5874.68502166523	7570.71292518704	951.659163916997	724.100222358674	858.115650013156	743.545047986094	487.141601528269	113.213845638466	54.408019786499	213.655697229423	19937.9883443593	159.143029025722	501.446474119891	249.425785033204	495.856920837391	1	0	1	30	3.818338626656
31	459	6808.89790447062	1912.46656526913	1010.68376095974	482.896625155071	1003.54043666509	1158.28501956821	223.023580981582	103.596384200324	9.37174641750856	164.470437010204	3120.23632574886	124.857078446562	327.773662260446	93.2054272431735	204.80215835162	6705.04308210493	5044.02641619973	1342.8599605963	617.960909266929	1218.18734261668	970.236013569619	527.430641779358	342.126259659191	63.4176698156312	244.473843461859	9038.03885651393	260.162695618872	1176.89033875306	222.517595892827	630.255072929212	1	0	1	31	4.31964693679091
32	236	6383.1711319653	2077.07890553452	872.982501603348	447.130884657708	1138.33644789279	946.55613077752	166.45145079688	71.2240918208014	6.6108854125646	198.24318511818	2187.90821105641	324.754127328172	630.479762889295	102.269354349299	623.528273852962	7544.50510017334	5180.68657420944	1338.43061141979	632.52770034227	1692.40175609479	942.118279757968	474.655261130121	229.632671267817	45.4546951116811	284.908614827665	4026.44443476999	595.494809854987	2061.10052360997	269.789207331594	1059.71534092238	1	0	1	32	3.35766766879505
33	450	7426.81752735901	1859.19998126111	974.671487057507	355.137971535545	1128.33418548015	1142.81767595659	214.809447098465	79.2822533428496	90.1461406291228	153.239976362233	4325.41663283766	143.728285053054	533.311384776756	141.096716168662	258.762876531481	8484.3810451906	4093.91446750708	1354.252844535	414.401105320515	1464.66571869055	914.593925890935	500.300095312162	201.360042709122	497.635217589157	205.197458627446	21800.6977687948	272.764332013963	1678.89347128048	382.992633013374	595.96148170153	1	0	1	33	5.51448011069952
34	627	6190.3339802782	1151.61792669002	972.03823414206	250.458116253706	758.548356979871	1495.30422242011	661.256146773171	383.892813652435	189.354176503358	136.788135747486	1547.09801390023	152.574491410326	191.089817689132	126.594536879455	268.180357832817	11099.4276481452	3750.75203759094	1365.86457082788	440.39482937336	1282.86863599121	1498.25610118199	959.585166952152	895.062417886723	509.295436089907	205.151190249925	6476.96681408446	283.215354312364	833.087694632982	1015.26447136819	563.820042374585	1	0	1	34	6.24801539452433
35	349	4526.1463367982	926.618190635491	789.684098355813	348.369212135966	653.025492875534	1263.15385001429	612.30250546232	538.859425868094	264.048456399702	110.170897897124	3487.63346456946	212.923629245768	314.553759715055	184.217172685212	395.043336483813	6341.27528904146	1566.97404664404	1183.90818282493	616.770730144561	1055.21551554172	1088.91505324508	1219.52767825676	1531.84435120725	779.357794764734	150.340243665637	11704.9835704868	444.311703979439	1008.31087839184	557.250600705019	750.442378973258	1	0	1	35	3.30396472287699
36	203	4369.12428995801	928.58276079307	777.460640463115	209.28058651953	780.635695617701	1366.33860848409	672.686635653512	477.05081135451	310.570698609664	100.685233695037	2757.99921255167	218.204473095689	338.842368821034	234.301102579606	424.900979150281	7155.79420071845	2068.94466532034	1094.31777605553	310.169648499288	1760.45783915724	1114.60725818645	1305.3590878904	1324.61999059479	922.368444267298	153.755293105935	8814.98278339788	522.419363583809	1516.02604181006	1252.50007851388	892.002803793343	1	0	1	36	2.68175105909164
37	43	7036.56904388649	1079.01014104921	579.904238141462	195.312375304901	1148.77061776857	1082.57533355717	372.91835246274	150.867147603873	163.277161834774	154.67594047593	2546.91612747376	223.299022904505	641.824309059338	235.631319431122	407.282057061188	9537.39032134293	1810.34567658243	880.383954313193	257.494275599835	2291.74402394916	1088.72025839929	897.282524622994	448.358950323747	590.293536448703	169.086350106617	7605.13044158418	391.880668770458	5367.11744495732	1670.73627662802	674.193819894193	1	0	1	37	2
38	263	6083.40572165693	1058.5391380272	852.474845303659	180.952420557168	1183.05650536305	1395.15887230195	417.104393995684	218.023927684235	452.687735061412	91.5592459730331	1545.98000592166	140.848877152814	260.894431843981	197.251598088985	215.113886456538	9376.71662733107	1934.04619521057	939.844896532627	231.395537384398	1916.48825308337	952.591575247621	752.955099115592	552.451671332647	1095.02936820914	151.643821230515	7963.61147768171	428.341620899986	1353.34366337303	1261.55404506142	650.974742575192	1	0	1	38	3.53078744292879
39	356	8954.57655119155	1179.09343560904	811.726673839577	196.721450411398	1846.47611411179	1376.14783668782	442.356163443029	192.611681725496	670.803365493688	163.518248484221	541.507691289753	190.606678790614	49.7562619368833	37.9887120939965	279.039744288425	13880.5310665696	2984.57851584293	817.446142639569	244.028330181722	2344.90195932802	1074.77055428386	731.599040881221	474.51158275505	1636.99915553608	285.929957682548	2995.47797512878	517.330579421154	242.591712557043	283.140210298414	814.876005463678	1	0	1	39	4.92538518836723
4	202	1030.42627877105	1768.23954759941	1094.24693006968	108.862430978356	86.191423928474	1245.23256022034	978.137478601878	472.949250039975	1.16932287287043	1.71893578535607	2146.33018301651	4.9792368911092	307.745669961461	80.9901598199287	3.68336277934297	808.645311302415	2804.36523916078	659.750898866976	109.261241309127	96.653914315235	682.933643274667	1156.06884143663	568.213141956317	4.17616654631226	2.69826023277686	6028.03152963531	8.38748482785435	870.712327710074	141.779413500277	9.79021468551977	1	0	1	4	2
40	261	10409.6933992518	1111.29655386413	958.564337177024	255.369125974379	1458.29491086104	1467.52806133744	384.453419109737	226.3948155952	336.501808228515	137.940524035743	343.035177933675	85.2482555334245	111.748381057704	35.3431305964608	109.361672046012	12883.2565858247	1967.57309105659	919.777462778039	421.444601806788	1411.90869437118	1099.56600576181	719.022036038832	643.224035827296	1267.85763495462	268.045888618901	1682.96602761432	311.07361496525	558.252905312797	96.1914370295203	612.063038780311	1	0	1	40	2.84277569143141
41	432	9324.4109971173	2278.40095779309	1205.8446623872	403.208322354983	1385.46319220807	1635.28888921031	385.968303478152	420.389124336847	657.103840837148	122.23273088232	1347.94161664844	96.0626531435173	452.001629389228	142.615071557174	172.198905801845	11262.7786914076	6826.62875555853	1586.5928016721	899.870432360309	2669.96945858072	1172.30245041386	787.073441343521	1645.27566409588	2516.16670660433	270.420354293751	6817.34433266341	432.685874132713	2320.6397733283	529.866662456662	826.698183675843	1	0	1	41	9.4197242155672
42	281	8312.49650484582	2596.93799098187	1348.1879617241	336.267293857891	1518.83677142745	1814.26968770316	586.454145464505	843.766667411348	1798.64265613948	113.325849491908	2148.92470073634	59.7406232663155	206.557400104029	128.398126004679	155.313213886071	11670.1948224712	7399.88822025528	1679.80925032736	624.119846292296	2958.33962828078	1182.94444966502	995.043705342228	2662.76218243453	4993.89724352645	223.15960713914	9157.75547778098	218.288025919696	933.708344128276	428.847239260333	639.983358989964	1	0	1	42	7.79405034380521
43	455	7781.10382851062	2000.96935865406	1498.16760314563	210.622895981463	1008.74400463057	1948.75589627347	784.041577741076	863.956187883015	547.137785891671	92.9165881436684	1761.33871743165	95.1919245400482	147.206160945331	118.586795778047	202.620608778229	15548.0618560171	5119.58983213505	1689.90846221259	375.838531726357	2159.38340416065	1479.00113265119	1240.44622143523	2225.39005440718	2039.90343297634	192.232053927377	8470.09646377122	369.22254911777	758.054279153085	371.393131223618	661.680817972383	1	0	1	43	7.1327592329399
44	477	7087.04997854332	2648.53523962374	1718.42784331179	175.218885337953	1031.66683585875	2256.81271846628	819.709380831701	423.833865323885	33.2826113655896	54.2793865845898	676.536834059397	37.2536356968202	151.302562317506	125.916966400646	57.189641427131	9389.40741574914	9330.79116309298	1986.74784065149	254.359420830625	2021.45123706996	1680.26514047332	1393.44874238386	1389.24984705836	272.751331077506	109.350841606141	2827.18645262064	191.692249972458	603.522280967753	411.279923924374	328.698423632434	1	0	1	44	4.90046197603043
45	681	7469.92890256935	1448.13462062098	1455.90917902598	280.781682223537	391.384939441113	2003.69943244113	519.129954832251	123.632747880255	27.3962649605412	132.545382314522	1416.02785579337	139.977245723488	163.017245048769	172.767407932883	222.48672518201	8800.69848407811	4468.49801174381	1589.15829647291	342.443231633139	617.725430091133	1602.09764320954	959.935608146895	313.45515883772	219.550860573156	206.551592953365	3585.40354865464	461.492057522024	561.449075309171	550.093094749783	703.233162201492	1	0	1	45	4.52059403112561
46	537	8075.80412761658	1319.8694878425	1642.49283586194	428.69514499583	362.194306640962	1775.82550011427	271.84809788279	64.3444543978563	77.7352269350519	227.662829258311	5295.2420388676	132.883780427919	205.592241285076	348.034483685125	260.570327938302	13538.0153486117	2711.30146670679	2786.36736020697	484.550060738649	575.661831922765	1275.91749052454	466.222202493651	212.127525262192	467.264879261034	372.081717276666	12828.068346977	368.924199665295	495.522717114005	832.852443231813	774.024673398136	1	0	1	46	4.71682016234157
47	475	10297.7900849742	978.328548577427	1609.72381611781	461.987371136105	317.735179891202	1808.07850377705	166.623271247764	22.6159684945356	1.52057106032136	266.878094095949	8848.37130718526	111.263488540816	354.702136955821	648.399085537113	183.937966223357	21973.9262676825	1472.97095177761	3514.09145035396	614.268379463381	411.015937751845	2181.70424473092	349.937798638785	114.472930527557	28.7665415156246	431.448011671821	15368.3558851683	309.112917264215	843.717813610668	1697.99000438931	602.3725920276	1	0	1	47	6.36370160587198
48	830	6902.53421627719	1001.76484889476	734.428740361341	427.003602091198	329.00643107764	1227.47898160313	96.4169747032053	24.4550434177271	4.14263666983991	279.680175980799	7545.31346867746	161.332596059966	185.00288616332	513.953959660705	242.16077529882	11355.2361487396	2095.42659438109	1018.25415042002	401.39186255544	340.920740641652	1552.9424897906	325.708625120403	123.048009294326	35.2656171358659	293.384062170257	12875.8214965913	198.925143163271	388.943707291407	1098.26037037108	422.602633303684	1	0	1	48	6.03315668329616
49	995	6149.75240690974	552.706393990643	464.911810404259	418.308026460793	478.585506932514	794.61887715987	50.3782473592689	9.3761974511126	0.905664538646756	321.28154181039	3878.90467533888	229.986720718856	178.851299679309	383.546339215995	320.515151484362	7534.03517271198	1767.55194505525	675.138705939539	444.203591387779	574.372506595279	826.766138296325	206.32238004571	59.6810821291004	7.1156677559352	344.447959602206	9758.17013154027	260.735150388955	743.0398627023	759.177634592235	438.875405192693	1	0	1	49	6.79869959751224
5	579	2312.69580072735	1842.1656939567	1098.98787306152	153.764490633902	196.67460007984	1393.83461479899	1068.31536306943	490.676020978297	0.997356065565014	3.57223296793902	549.630741450622	6.14768408731401	70.1531027699381	33.898533134113	16.9975487938095	1897.56619889849	3384.96084625004	913.320501704904	194.858621629666	248.551267596554	850.073772297753	1495.30344324675	950.196452107927	7.08795035075076	5.84035423528464	2070.92183115771	10.419638577944	158.470660013375	78.2949632160363	39.8390901567951	1	0	1	5	2
50	452	3750.37657475267	330.457076247305	234.822107694699	274.797631207251	175.123451704325	578.16128718964	8.0564565086806	0.155379747791482	0.0123533271573678	334.492810802107	6000.54267378941	309.443967835987	169.653314940715	457.367231174175	577.026424928181	3430.97748947364	612.263880452271	319.367188996508	285.328467942554	338.202774194263	520.418608833625	31.8511204745353	1.68849719726644	0.156658949547808	383.242855059487	17026.8318549329	424.119767423889	668.588042129604	1589.13879561947	655.345537559099	1	0	1	50	3.1529580334876
51	655	3125.47276058601	550.367398029448	129.320884259142	178.052629918648	177.916088811322	400.358506430357	13.1474576405594	0.243606816393947	0.0257426131943275	395.923144624458	3037.06920850979	571.359732095823	23.9493874535919	139.217212137143	928.930333964864	2915.74976994324	1215.47603070309	236.372751357462	186.868521932922	317.117287382628	468.824224222049	74.7096901973478	2.08228303537618	0.261692614454574	421.744949787561	10286.2499201403	821.239447142446	103.010906810858	402.767974166755	1188.02383134508	1	0	1	51	2
52	748	4387.5753579363	635.084319906983	141.62859824294	268.198008635471	511.149990930429	412.840505590977	15.178676512088	0.147740307343539	19.5940576513259	405.817274228669	1218.24987237071	334.265590702203	7.53012324773378	43.1661764786673	471.232378158998	3205.52758237055	1233.08428187583	180.85860389082	404.854474884669	595.340549408813	366.966799592283	82.2992011125808	1.27668025659886	134.189841341339	566.024269899591	5526.08587740092	729.972838965879	25.5606871692334	90.4723737932747	954.114852613565	1	0	1	52	2.6899976723433
53	457	6665.03158955217	607.08482256003	101.317759138246	696.332463145143	744.450537544255	271.063639241426	1.1540464494428	0.0645583070650416	22.7398828209164	905.68845148106	1153.75266279259	471.968647798203	7.6766457760486	26.6469613928794	578.836628177911	5171.04431393971	1021.31054453861	174.890099732083	697.867961190357	636.964459739199	317.457504252461	5.30182639852889	0.495874082729844	106.141903790866	783.892098143262	3286.90219432654	898.659446411101	62.1559683281748	107.814287731479	801.252073844637	1	0	1	53	2.34048772046673
54	920	3427.45796497734	339.698893472513	103.885604948597	308.659188719619	232.722239745194	359.851982537001	1.85811390811277	0.0964593989630547	0.869115352620552	578.368677692166	2319.53319346709	209.922791127536	12.2704996383128	74.8346922320588	446.404050050799	3906.89160423574	358.587909330235	151.22905097712	280.015468396539	449.541775175658	375.919582552628	8.80435763074752	0.771220618832016	9.3151806429651	603.384051457138	6798.12919325272	290.078401873309	42.9300028322595	203.004776549485	506.661712724614	1	0	1	54	2.82243566294019
55	1196	2621.52039363214	297.758298884082	224.647893214163	227.74176915906	127.517439562161	665.588375707807	22.5220966764005	5.38633276102906	2.32599473241419	332.449875340639	2711.84248021103	183.570682056058	23.4476013261959	200.475275823019	285.384928869513	2277.52425664404	353.175343295474	276.327319735029	294.239159671672	262.853701726477	514.090608898817	112.552822289195	43.8254240813632	17.2393835685121	605.112969576372	6887.35281920719	527.384671204665	73.33522841059	449.971858801644	622.022987610385	1	0	1	55	3.26168489248217
56	1164	3358.85824963817	400.904758220179	278.905934409403	173.67722701479	89.2303128796182	869.213256650939	102.073468692636	10.9951781810185	0.0606128238505462	307.13899328866	1325.79574987531	156.493233794731	7.59546768404117	91.736776019579	259.305922002772	3200.49395392991	594.745703862328	319.357088597898	184.085537570286	145.804497364053	777.728234213785	432.245990821214	92.4051196139967	0.46058270171871	677.456538029101	2457.92597513887	358.906943031481	23.4166224694191	386.388125903688	552.070905958509	1	0	1	56	2.90039401692037
57	937	2114.07030169259	683.950987042094	416.691985358673	437.156654545485	19.2727286377954	881.924882537555	446.357044111051	73.9875161991613	0.174070800327292	335.632917291172	6237.04562924128	161.422347241434	6.14595214144017	59.3836926042804	551.379887835284	2116.77907564541	955.022157867045	367.164956254193	390.788795013812	46.6282940612819	827.272695960807	959.908548456967	272.838758594029	1.43807417987275	480.0711018776	11192.9198452918	416.019800573048	16.1292276542357	118.259555108309	932.302001708216	1	0	1	57	2.65273872208345
58	875	2437.95297846187	614.594996086542	452.290157044913	292.836544378801	74.0538314529459	1230.66021889923	567.98795916182	36.7532748989722	15.4491554913485	156.795509577527	3300.37580720512	33.0734186648224	4.5708415929781	57.8207652923554	169.14041907325	3334.47216024802	1003.0969239224	416.543725702908	255.729993614353	421.857429555475	1309.25284039421	1177.86454767806	104.658081956349	187.927195398204	195.565282859071	7532.94583253679	94.5441063751832	18.5006841455349	162.864990496789	288.152322135888	1	0	1	58	2.99168167595136
6	415	2166.19813206389	4342.49223376752	1203.45315851516	308.306118641778	361.20817241306	1061.09059494984	510.003532835977	272.717947997124	0.41145369256727	7.67902939466686	4533.07396451992	37.0413083899596	237.55275580791	80.7733452040161	137.187270957058	1646.5310091409	13519.2982799893	1222.97225893403	358.322226011002	500.665122702679	755.009774529515	1191.90170779997	614.50282528855	4.35065140402757	12.7495253347356	9436.19556247539	48.1853942088359	560.507464974914	148.748813077214	221.060998968273	1	0	1	6	2
7	210	3813.42601731948	9377.17133579712	1427.38974182851	226.237120224188	1357.68377889254	1087.7906914099	438.730057282133	410.819728684446	15.7556501171718	4.86284376179769	939.193845251952	15.4821327231342	369.5496665657	87.4847085845573	32.8087557961373	2024.67289876237	17071.4557900466	1354.74161870399	230.754418910616	747.699666046619	565.610209044911	772.865820067447	753.102289234755	67.1620920395916	8.38518928156872	2941.93520797311	35.3882996612888	1208.67832852785	295.335420504295	151.591092802458	1	0	1	7	2
8	91	4346.30814869663	7041.07172537431	1380.52149236988	420.657180951527	1525.75188409443	1063.94127636508	389.484314588165	502.833568138041	36.5138878823404	8.10732145081228	2900.0210568803	17.7984413703469	918.477233618158	202.391159313765	35.6551968070004	2064.6520871708	10153.4335245718	1179.14053869473	387.913847796274	772.080003775289	593.265482900086	805.334829381152	1174.61864945269	177.316357608489	8.42677148053536	15485.9619655632	31.2101625021426	5476.34656531561	1373.23704467073	151.2896250482	1	0	1	8	2.84627377401991
9	121	3603.00218783294	7690.89120681502	1559.04509809862	464.632892184409	1059.17477025858	1091.85907401662	338.107790728297	489.116240831512	15.0972691145795	12.4840960574462	3766.17821652612	38.1632530843571	756.777314904347	243.763629288231	142.452424777167	1574.61741443024	19959.2190007355	1535.40562953522	376.984764324749	559.53005031949	695.403091444728	509.514160918035	902.079658746488	93.4329788077272	16.7723190809388	17866.5856876608	100.931995380688	4595.81955682007	1670.73626776613	369.147401478949	1	0	1	9	3.21193147545517
