STRATO	N	M1	M2	M3	M4	M5	M6	M7	M8	M9	M10	M11	M12	M13	M14	M15	S1	S2	S3	S4	S5	S6	S7	S8	S9	S10	S11	S12	S13	S14	S15	COST	CENS	DOM1	X1	SOLUZ
1	278	1176.00852396559	1661.70943714796	1195.00486657715	70.129844085203	138.143119881432	1407.18489364002	1272.52141423985	700.759886897757	1.46655457234346	1.22251736798167	1051.19838297276	1.82445567857014	426.111859884787	77.8494273851978	1.08971691555923	1168.28381009804	3421.80694076721	755.195728708044	86.1447349120198	245.13445730609	752.166756670646	1359.01976714429	913.539032884576	4.51713385614918	2.3256949423709	3160.19304545508	3.07952528185386	931.683992067693	149.888470108264	2.62852184012721	1	0	1	1	2
10	2094	2271.66766402604	666.86356024083	404.63648162172	340.30925613302	44.5898493658951	984.371909957532	476.708675974473	54.4537122679923	6.53646412600823	305.266806223369	4280.8775741597	234.306901392955	4.92381792256499	52.9103553210514	512.968752199133	2782.14048232791	1087.50713711987	394.568910203864	332.389744787898	277.341904235963	1078.7419320411	1044.59250842777	206.753468855262	121.718437048624	528.529067356593	9164.61119605034	687.599209554402	16.606080699872	135.860813090787	950.892191548151	1	0	1	10	7.31376532244084
2	661	2542.92838326562	4314.41481191879	1425.75933362766	125.611692311169	511.263401081145	1538.55440853915	1199.45725387362	614.577440682437	4.85522286105301	1.88362241753974	473.826154622967	3.98254511626446	176.945460501665	49.1631924872531	3.70665443021248	1971.27058266332	13769.3206649823	1295.19989595075	188.755830430939	647.675370856676	871.726075470401	1599.95223584858	1027.51665219026	36.4279443277065	3.0927237481761	2092.55006228851	6.15397669121229	605.064012218935	140.63470129952	12.4442512831036	1	0	1	2	2.59088595662595
3	1363	3754.57042028427	3037.82085073388	1771.72456652863	169.151337676468	1365.69682940469	1752.76976310347	1299.90463375398	1569.4166378452	1666.41306764285	8.64064786764452	607.551267186042	6.61900879712012	309.75030216184	95.5711048181962	1.94044192086996	4127.97317819301	10910.5715308362	1745.24793911269	242.358888331293	1546.2382061658	1105.69055059143	1440.02508716191	2523.38096691646	3885.1149030411	18.7650540800136	3876.1422467852	13.1171218941403	2175.87724783515	692.743291702188	6.76223859186271	1	0	1	3	31.9144614848097
4	834	2927.99244032072	1038.27958864327	1521.71121668124	153.366228349705	772.921980633519	1919.88168692502	1543.16289585403	876.248319207083	206.66472333666	12.6226384201538	644.145999330919	4.17809894207718	519.422867041729	113.82968901706	1.91544701454401	4277.55794233061	3395.85072082254	1784.46918492483	275.506573593687	1107.2780474025	1195.9650333588	1608.80446860195	1408.84130568655	569.182637361129	28.1186104089198	3243.60536595116	10.6461281389341	1677.59455662133	364.407599139491	8.31802463161225	1	0	1	4	9.24899709623196
5	1052	3931.43295946644	710.19329000204	1018.88303749992	197.94482007864	652.08104291134	1663.07072588001	680.282440682356	225.786484794983	171.779312991489	32.6703929177034	1335.96304580952	9.15037312895835	1196.30439641598	826.613877426061	2.09125360930644	4041.33443979301	2994.04791450567	1179.47770660031	333.343288074741	1316.97830396672	1022.0514877034	1000.00939399771	541.087400453936	685.638069528994	55.3529649014089	16525.8851387643	17.576541166175	5070.80724685791	3244.13567867094	6.7862607139535	1	0	1	5	34.6393732415183
6	1130	5781.10089698318	1898.22730237305	1418.33338676035	427.045536280233	1242.38264765275	1798.5710752962	681.120026214056	283.51994218655	123.705138184046	79.525081175109	2379.83717417525	10.5737358172034	600.581250560731	186.734243180581	3.34368280293884	7825.21996483284	5665.88843215531	1566.50176631985	615.385936173718	1631.34593619425	1233.21369756043	861.129552677287	522.701960039281	440.296083282744	181.915670107662	12606.6979919947	21.7914536706533	1721.63021588279	886.940935740421	14.3445819773978	1	0	1	6	13.4629099994999
7	2029	5926.05504579014	1478.54207741035	1158.11119693925	317.514340018852	1189.97221762283	1704.32992384874	616.86495372843	529.589787137475	745.977714627647	58.164215746903	1560.61783840621	18.7897869866822	370.928307489376	192.711099686758	7.39393244357457	8320.83555998065	4799.97498243715	1313.59591680225	548.397921175322	2123.05737187139	1111.0106081576	1019.0819848329	1655.2262078568	2531.95500394692	108.426796501951	14023.6864553663	35.334355213347	1807.87371616569	944.201319928628	24.8133937056641	1	0	1	7	35.3970089971474
8	8595	7533.64689681929	1308.72880185926	847.189497702005	415.831105850187	653.119719076674	1163.42745808743	167.017977433689	79.064768812819	28.8666853912024	205.349517237506	4486.56573684731	109.129347817797	169.326212486265	266.140544027788	154.833122939248	10657.8924975824	3902.24988315487	1500.67104983255	521.464964155069	1130.50724106125	1228.94127028673	590.110889177067	586.184283861533	398.085193858975	285.945504767739	13770.9758655674	139.913285156555	607.657696160591	837.061584225948	320.481379461302	1	0	1	8	53.8067002649106
9	5303	2944.78577694718	607.720162671842	147.450661409823	292.663176702791	197.768575175076	455.393503047597	12.5974503442801	1.29791763788062	5.34759740915247	419.337363947018	2220.81527326906	396.726805089837	11.3699896305339	83.9001696443134	778.880872717427	3373.91850642867	1365.64638982158	226.590531410435	371.794934443382	418.786246066762	532.007828078004	75.7399595762213	20.9559323369591	60.4770794911928	590.718221613109	5403.13137012219	621.364097876707	46.9572397038582	302.940806858773	988.027330958867	1	0	1	9	12.5651433715489
