STRATO	N	M1	M2	M3	M4	M5	M6	M7	M8	M9	M10	M11	M12	M13	M14	M15	S1	S2	S3	S4	S5	S6	S7	S8	S9	S10	S11	S12	S13	S14	S15	COST	CENS	DOM1	X1	SOLUZ
1	66	221.567468762424	291.833999655291	1293.93678285602	3.9768763756563	16.1650825123358	2025.06461690901	2955.93461038502	1638.67789815362	3.40316432812377	0.0571508440707515	7.79607391170841	0.00113013617593495	245.973216253791	8.98286667792904	0.00127934063395578	304.261403745232	487.473640768893	706.428878065228	10.6595762713999	34.6973671544364	864.589699348979	1462.71018269112	1325.11007816395	6.75509173057094	0.124966604230229	31.6600187006281	0.0031509883164354	650.90619615612	26.2373570853057	0.00271375359182182	1	0	1	1	2.67973297360884
10	795	5677.7525315262	1176.14905758789	671.375984056452	418.619603393083	904.225277949635	1017.3076128444	337.27131558859	137.993325387969	67.9108411634759	83.6297162304785	2367.53191564652	112.806074178734	268.337002091308	119.750229407516	223.088429325193	5781.97504630586	2967.3833363723	711.06048052006	472.16802413664	1064.14085499723	808.095308096181	767.226861828426	417.810789593211	319.294538929332	111.747132291063	8237.07781953752	183.18866147251	753.863453660441	316.726000420925	495.660143352633	1	0	1	10	12.9583104005104
11	1245	5007.63622189547	643.180791508235	811.618386959864	271.956337180525	828.634312821273	1335.26578694622	379.824735119134	123.951700121247	125.837767746343	67.8651777241151	1280.92667928154	60.6140647834521	607.288774746787	685.994967543108	97.1205934187841	4873.55976187971	1722.07521625896	1042.87838257056	397.615179770445	1590.5664489335	960.940788805334	767.959475763811	429.740305529301	618.794111167395	114.128200551368	3959.30905995566	148.192953128764	2122.81536292092	2855.22077973384	362.599718518859	1	0	1	11	52.8100940265645
12	309	4978.16796711034	699.947888037517	885.989995062181	680.020829141475	435.707510973583	1444.30667644824	516.967982545202	109.317200838154	21.6159561512177	161.084660789296	7023.15443489875	37.9141343226078	2212.51827504491	752.941949398915	62.7309303503198	4765.57632648116	2349.35840609984	1099.02222986213	1001.01053463669	601.565567022489	966.053132376491	943.40030234581	272.408229382283	120.298356521187	277.947945778298	49738.8799795627	77.7865844163715	8545.51325517913	2671.63420160661	228.793094879688	1	0	1	12	27.8524053208014
13	165	3429.15352244755	1298.41750711948	513.903297673883	568.630165674842	271.986658562071	844.036205193958	301.716082443127	108.140242548595	11.979666957091	167.019800927173	6202.90385017117	285.966683675779	354.431121243951	243.430737982573	749.506925196455	3372.67636205273	2422.12031592507	712.398091445616	514.028090940004	545.004159228974	873.113589837954	837.776483212061	335.652311384515	65.927402254428	169.587685157405	24508.4446377023	441.661670968846	1397.2967513909	830.172802196174	971.659291220502	1	0	1	13	3.68976174429979
14	425	5060.12769167563	1509.40841821689	593.623050600683	631.325368112166	438.586368919782	873.605851730809	208.168051573641	62.5192936193109	8.11617797933509	208.611208947975	4894.50672939426	142.042524960064	113.698256860921	137.326691361676	279.556510955465	4083.03355196415	3640.03560281929	638.25285265117	660.865380741196	521.680327122218	666.344273219724	642.683941080006	216.5314205329	55.1741520542383	211.733898540914	16612.5220284176	242.486390975868	387.529448390171	462.616946013259	609.743846292825	1	0	1	14	5.17928090704923
15	860	6518.02105583973	2136.01052986513	909.126047486049	606.739608530423	837.181138049878	1084.55077470022	187.879629010594	64.1667984100667	7.85588374431192	175.085855371362	5302.2372606543	116.8478764802	221.353664277593	103.349133260658	200.112513940586	6313.18892242313	6909.45189317867	1157.93624825085	685.904298825069	1040.52339278647	862.003523570073	480.227945016271	250.332030335514	51.8161307613833	219.756949798318	17068.1725520767	235.583914873271	826.494620856446	241.993363804816	582.597741199371	1	0	1	15	13.1150927822201
16	1255	7449.70369938455	1697.98110870753	1086.98142865338	360.455675969919	1083.79217089334	1424.16267009059	474.779080754696	265.367254810619	133.002520570403	141.663621835807	2724.98032319484	98.825074205373	447.180696704301	142.325988547855	144.448435963775	9839.4836819724	4433.82314965703	1402.19082877794	532.540596089207	1479.89279803189	1237.25594163758	835.748686038776	754.134020834873	476.233248347553	225.093408403628	14067.5407139653	191.711636029205	1540.33330766005	767.26750823265	439.04676529998	1	0	1	16	37.3123160523055
17	633	643.590858168076	1282.98361921953	22.5558477497594	172.788091877241	8.06180540694048	86.8788484581841	0.000789413360435171	0.00171314112649969	0.000000000107572734182073	261.549405883431	1281.91336789576	1047.01520713278	0.817287031677551	1.52820623932825	2103.49245996008	579.533138167729	2577.388478427	37.8875093374649	140.638749376579	36.1751893900759	77.6928856584177	0.00174076830412101	0.00530446272817087	0.00000000175210512822859	246.077624956924	2125.18220738863	829.945284327203	3.38938367588634	3.61693539168644	886.017201934675	1	0	1	17	6.91477426761548
18	577	5344.53763408679	871.01455166349	844.626952365175	271.298719246369	862.6098374925	1413.719086218	632.110722819085	472.323070687729	296.364684685436	92.4154526579727	3262.08126969074	119.206052935196	383.83783953508	239.053616940258	193.851068020829	7487.12921000986	1485.69618587577	1126.82391161452	474.669725790123	1617.26308322364	1047.77561805522	1219.72546386126	1353.90415825827	845.885561259186	125.088269378401	11067.7125336824	285.464689968393	1984.81955803048	1136.87644957775	467.06704826147	1	0	1	18	27.5003520040302
19	688	8522.22649063863	1081.7602250924	861.227034588501	198.872313194544	1628.6234437303	1428.62240508748	446.957312888307	213.431237375653	579.531207963125	151.404173186874	701.311351630671	164.570893328006	93.843366753397	69.4393518541812	227.868340738704	12986.7961615363	2458.30697070067	855.610883821049	261.285482860092	2080.92462654056	1054.22494495647	748.66928283413	534.873338590436	1461.71815096249	294.606877305744	4449.25123283492	533.799258949534	583.742526872382	591.326966252068	807.528981613308	1	0	1	19	14.3599984366953
2	283	1223.23975868383	2324.06853171899	1232.28746351891	130.923510377179	77.328971445208	1080.76220467196	414.198594874302	259.774853715685	0.0888642221513345	2.10779417740919	4735.02129330081	12.0584053428118	561.69579303656	133.951179766918	16.4181718964952	686.630343959472	3145.35417199565	791.808375832745	128.955235067832	95.7645548304248	528.437555027284	529.705846292426	311.030398945851	0.542128476327779	3.06246585828657	9079.84354030092	19.2267393053029	1007.64352526646	172.698732092042	43.1339158544326	1	0	1	2	4.03593508680548
20	897	9223.94524126091	2287.00292914855	1225.09838906827	363.807265321968	1382.95148228947	1667.61347985701	440.001860327729	547.074284032352	958.578974859589	132.395075673593	1457.6370801429	96.7306802694848	314.537074062538	122.616844189382	184.085286762365	11741.3289211298	6632.17104103209	1541.11421991137	750.963823130983	2560.77026667874	1169.82311521632	860.477401808565	2048.10735184277	3440.41120786762	318.672899505386	7124.55222309512	466.531010181283	1736.96646499692	447.233584356622	890.814525224794	1	0	1	20	58.8967568632657
21	160	8572.84554442659	1902.23531737528	1456.5210038355	260.989203120543	1024.53387771602	1947.06319561393	768.309842026802	838.547903228154	821.88802282657	107.512926889091	2888.30104287449	55.2479191149879	136.04293659459	135.947490148967	137.550615337642	16768.9517779038	4667.91179423559	1529.74841763673	463.056955919419	2056.32847220992	1330.89401599509	1180.29740803224	2001.66119819952	2634.58156268334	221.678300174896	12209.8739132243	182.990163211502	718.558410296093	413.245467386917	463.498297675592	1	0	1	21	9.86265193297376
22	38	4570.37403469854	2873.52723695975	1762.01282312278	129.135982049356	2062.08676885493	1908.41055205144	1182.70479137997	1844.25904093417	1139.50341853875	116.545676819674	157.837174667696	169.284561514685	117.953686542856	42.4855144638215	262.562865653246	7123.94196762071	6502.48185353707	1855.01007547423	192.401160399408	3597.74566793719	1301.22872270326	1549.85887981313	3011.89715882563	2325.19473590001	512.306178650142	334.273449126016	830.378840744419	737.432178256426	132.545619886445	1209.81982305904	1	0	1	22	3.52573737760119
23	433	7291.35029415817	2462.47038696892	1753.59004080249	173.036794184365	1128.18075436673	2226.88814070665	874.146016608489	698.441497693978	122.02941919517	74.5223801378126	1051.10759559425	62.3066155949826	170.056481444422	125.476591241928	131.133200319508	12940.15774649	8582.13205497282	2032.23049793887	281.420475169245	2318.42577683904	1661.20142346457	1297.93761249961	1900.37786023271	662.229058104317	228.960535095929	4954.80293686053	319.249721983059	718.461857048031	392.495064441622	607.405789793511	1	0	1	23	25.6742386041538
24	952	7580.41071569713	1614.51632014573	1528.36253498227	266.741805681765	469.430998664135	2100.70733466164	577.259513013838	138.405259047272	31.5055792599419	121.462826235162	1315.58321679388	106.982589246757	159.428508811327	170.417226132516	122.090385804041	8945.47997202475	5355.81403147365	1629.16588581661	338.96581871253	814.239867409615	1591.10583116499	1101.44156058891	364.850512162068	270.782057615828	208.017608819756	3346.70505946996	438.798266185966	542.287286141839	520.943118344148	496.772636319272	1	0	1	24	15.4096383394463
25	1306	8782.55916860338	1081.25404104676	1459.42065884207	441.057596777063	322.243825784522	1726.80785503631	193.858258861504	39.2724849905844	25.4973979002372	254.3730431639	7575.64829682896	125.632476532676	280.438754468353	565.862723631572	222.011867356015	17435.5404293516	2050.40500097199	2858.51196478085	520.541379640243	455.78820070103	1839.28201107334	405.381874426993	162.718228407871	252.746645403848	380.361543661874	14019.9772037778	329.988008381311	652.000541297655	1370.054892958	691.669367448107	1	0	1	25	26.3558512872477
26	3448	5234.3707763116	579.914918222364	295.911346574972	347.555697380362	430.772433925546	612.361762630228	29.5338896270583	5.05191772013691	6.77580599782814	404.540355895626	3708.34187078495	289.936304390161	96.6960517104959	256.369633547254	410.408512347517	5814.91696699149	1449.90726546558	479.381260745851	404.593017381361	546.886966876717	711.475698744112	154.374211295964	46.8767288279758	72.5294035559833	502.119872026134	10953.6901490446	540.458405436851	485.905967991226	799.260054261418	643.805844980761	1	0	1	26	48.5592562035176
27	1069	3776.37275362501	356.606269552222	109.871351700068	406.608295825509	273.809923413328	365.335762053493	1.98220725352166	0.10241382347724	4.43117363903202	634.688752246301	2224.54915560553	244.990931774715	12.8256889847278	69.9660657160119	482.317326903381	4170.23646469717	388.073744001311	166.39873168706	487.970413013813	453.940893436874	387.667117432013	8.76951399895612	0.757552770553048	33.500037754468	660.826404660027	6237.07237132697	393.294013214294	55.2944941661105	198.032953703231	572.938135023312	1	0	1	27	10.0552978014806
28	1631	2784.06635800113	296.123472336772	262.479371589475	206.724225005541	113.340166228615	814.457863069656	35.0849643527271	4.01941000210507	1.71543538339134	257.376898414089	2410.04060196611	109.314518171944	21.1734010311079	190.231861708231	181.916448103405	2497.27214619308	331.44182545822	296.722945391738	261.810928636899	232.769088982703	661.205610233946	130.243787185835	37.6040701223219	14.7982326294903	475.369775716922	6312.4730954447	239.801017856285	65.3617433753093	496.15730799326	348.986073847677	1	0	1	28	14.1052085106271
29	1498	2834.41883355148	575.483350300397	332.264537684277	324.152447876012	59.2828669977962	778.192638906511	315.542999490657	54.4751946491578	0.145302239715025	382.761545622411	4190.46650507059	187.287284926453	5.28082488711366	58.504789404536	498.866890174718	2865.57680847515	849.856830370022	363.831020327773	349.581789247046	126.29055751681	766.510561415692	843.283920913435	231.809252604589	1.1937569889362	674.51197503565	9232.81221872482	391.918826694633	15.1041306239692	128.094263766934	832.039452409849	1	0	1	29	19.5374418441149
3	166	1840.13487124575	2935.17306966275	846.45537261503	207.730683485334	214.85129354226	870.89388091646	390.84935567241	197.23134592897	0.951992305557598	5.4229066762302	4276.82464069539	36.8679033351418	114.310963300224	68.3028227040528	101.711396221046	1373.96845873661	5455.63355355931	508.505482594498	222.72421739376	329.249304343969	488.845878753641	768.005514278322	393.005793312059	3.68852909639427	6.49950489287678	9485.68039730427	42.6968781223864	196.725670575398	132.66901908267	150.7859054358	1	0	1	3	2.27797617621559
30	1027	2330.78887289984	628.804881043619	442.986788852394	310.292095816724	64.1361200041164	1188.97704566123	517.107452610288	31.7101860825838	13.1626295607149	164.22091286612	3351.17104542271	31.9973357080666	4.25253640807902	55.1065600330798	163.662468773059	3144.23945512666	998.394926094156	394.618758051662	268.344541268598	390.152282376664	1245.11189638148	1113.31358932865	97.4434459489566	173.550362761048	196.569185042321	7204.68156895784	90.8345182673336	17.1933394353143	152.442135982336	287.85809383859	1	0	1	30	5.20211077308227
4	275	2347.44581972936	1824.01972434807	1078.93883369137	271.561664138211	186.193174877282	1250.10174703834	788.33037953529	326.075502244555	1.23404684448616	6.83653921840693	1585.64947643383	18.3652841985759	88.7334092528631	37.62353941843	97.2197325743482	1694.6416505957	2543.72579399611	985.393816290552	329.171799832031	235.975494101386	794.481791203605	1200.10600083966	657.138373651788	9.56677230520456	11.2179778651089	4068.82726539642	36.4180005734494	120.455331897362	47.7199570973246	198.127324041466	1	0	1	4	5.56197445646684
5	789	2881.41668620097	5247.22233714186	1270.49345572365	250.975666745264	677.21222912747	1246.16761273439	796.9036503422	464.439293334327	5.99792399714835	7.0610714232389	1578.11617201103	26.8947748561612	243.84799574261	65.7368958330235	105.298611356544	2112.96705217453	13640.3329577847	1248.65979411721	311.31914849784	759.870969899099	839.279037848826	1428.14902911766	930.650977752913	47.5986784613068	13.9158329166807	5595.35078361539	72.0370224223134	996.353607806621	273.773137421779	292.125147918899	1	0	1	5	26.677563021705
6	132	4081.35856653897	7705.05403120311	1539.89597104905	473.40584587417	1284.33418430174	1113.38662471624	376.622005130992	531.566286920014	27.115406661163	10.9513182726068	3558.31844203661	26.7970160770513	957.642598945361	265.953013186531	72.3796256645168	1643.71154537283	16052.4813974409	1426.60631181927	393.243180034823	593.786245916851	657.569082549603	714.029935774513	1135.08149829093	150.97889140718	13.4700487348293	19467.5998132074	88.3336152713798	5934.37118485706	1808.65868377375	307.382344237784	1	0	1	6	9.6642897401551
7	165	2401.28074656314	6566.55355257963	2539.02616696813	152.939314507996	942.445889505345	1915.5431767455	1748.37257926004	3091.16187140176	547.332240220298	3.43476419116572	617.077382903088	10.2738321326289	425.820014572514	150.973961345337	17.5729128940403	1979.66077023331	24676.5344722044	2219.58474142711	184.014512183447	1005.69078845262	1260.84039191054	1760.47808175449	4586.34283975913	1603.80281180981	7.97413669924262	4201.76374248094	73.9110083532672	2526.45267664174	1077.80670777927	128.381449287469	1	0	1	7	23.8037463552993
8	325	2730.79034257642	2179.79984632502	1457.68902316325	103.532310610089	1620.07984806022	1567.15900222652	1357.52979474361	1541.18424085388	1148.67611781341	8.81262293196619	641.590635040777	21.0611426663939	158.539989747321	52.7131950968664	31.6793771333147	3204.07325992716	3917.97452339634	1208.16052490752	141.153601315664	2030.99796116218	958.687994526693	1362.88731016527	2119.9754459369	2334.54304222193	22.4498234376493	3209.13680424697	54.5854840875954	722.459350319955	264.240288510225	151.09256200502	1	0	1	8	21.0583589063565
9	1727	4479.4381736858	1029.80599543563	1442.45047915024	287.159783922681	1082.97001561808	1686.63759100435	1194.7569864465	974.947716571155	1121.76031650723	32.5580255115624	1114.95616184501	33.5665733260166	321.601012213071	97.3493627758879	53.6992739538848	5137.33531950212	2271.31190296338	1761.05377900367	401.527759616555	1349.23409820096	1190.90058209978	1548.75404899988	1713.95840969519	3381.92435674145	59.418785681173	3807.61119739985	83.602443159004	1183.9980489149	277.591865781173	222.276376156399	1	0	1	9	92.2035904977915
