STRATO	N	M1	M2	M3	M4	M5	M6	M7	M8	M9	M10	M11	M12	M13	M14	M15	S1	S2	S3	S4	S5	S6	S7	S8	S9	S10	S11	S12	S13	S14	S15	COST	CENS	DOM1	X1	SOLUZ
1	127	551.995486510677	608.486501488884	1181.80341395931	10.7019742039878	76.1572291564076	1820.4656672427	2429.94758040987	1258.8085500787	5.40822521014044	0.147834449584088	12.6960824839601	0.00496490636507996	201.012772441082	12.1836423202475	0.00704590776670458	747.148865970345	1535.4344414005	728.411020099467	21.4064545786833	150.412447017827	805.628998415426	1336.12840381503	1102.2280175221	14.7820509640684	0.289008003964303	75.0424942520006	0.0130714150561624	630.804602096535	42.0781304865245	0.0251430567353425	1	0	1	1	2
10	214	4628.72967555867	675.890703926475	945.074495930033	435.069813475633	642.151076483556	1513.3241064002	633.480977341081	152.610779002081	26.3825493474367	72.9322123118473	7438.98424066417	28.4986395251686	2493.50792670358	782.132341060102	13.6050523656916	4256.22263808987	1563.58553407148	1194.30288878117	634.822315133351	1050.52436049016	1034.28449753538	1068.67295777053	336.482689414955	132.546489061009	95.9882510828771	53336.3092665419	48.7988806994546	9700.02768674422	2851.26044977269	38.0770496546891	1	0	1	10	19.2130276767459
11	1544	5729.68098167741	1702.89873017502	1350.18412108292	465.206240421769	1149.24612369104	1785.13361644634	752.306045087007	425.327148450917	203.022372125985	91.9391495532576	3313.71671193897	19.3809719539372	564.196731867146	207.066416605396	12.6188509011587	7889.9735337346	5375.38332975266	1517.11093192401	676.817837783281	1558.02473038427	1209.33232784446	1051.77538650178	1054.08604457555	638.557541403567	187.207022772754	16133.3163439602	39.277967654198	1610.06939369687	815.801804901213	47.4849725654851	1	0	1	11	28.7612972070201
12	1801	7865.23344760204	1831.69798949126	1248.04943185457	247.909237199928	1435.56984369343	1772.78418763825	595.539674478232	566.011801221312	836.271714503261	70.3501873356836	1001.78033550855	22.990664631034	266.394078605538	132.66829819997	8.66550539185427	11606.3769593449	5403.02418220425	1420.90408972526	489.235463647544	2441.46296141655	1170.51248952378	982.498255377683	1798.04725900458	2747.77910262882	129.963513361327	9642.05255387202	45.6457682795844	1653.37891663173	737.916678987062	43.6735681248428	1	0	1	12	40.1509188850659
13	3577	7952.93732071814	1751.11807698038	954.805422957271	446.956753962024	735.584313496827	1262.52953101432	233.845112168118	87.4677689509158	15.7018188103199	156.752309361661	3717.98444217987	93.593528673498	131.501471080673	130.967670984428	144.958519469901	9533.57083426855	5051.77167382619	1248.0708257662	577.34832483135	1211.32136491878	1218.95694152283	743.820694316153	547.262310621833	195.623044665366	216.160072130725	12804.797156066	112.45660306474	469.131360287035	427.773523531047	332.412797892833	1	0	1	13	33.2799454258171
14	850	9939.07999438457	1122.28343121073	1750.97585825571	458.155674812721	356.668336460809	1932.43553620694	234.982653228372	43.1799253539276	24.9347432642342	237.775175199049	8037.31457214674	45.7355224146045	327.748015954704	592.338840424305	49.2397456709659	19807.5840472173	2179.03005755632	3390.28436365212	582.958370751782	502.827397714605	1908.75705848746	441.087878964665	166.094412046931	247.353959939143	417.115732318958	15476.338237644	83.8634889991693	750.617841355975	1485.40769496254	212.555918954059	1	0	1	14	9.81517727337527
15	2271	5874.15033884713	721.114325433422	500.490953660644	413.30008544299	363.343006605448	894.415987565526	52.2872205532191	11.4619077444211	1.77305153076493	301.166363919941	6039.12778074516	192.045586564938	175.875888294647	442.581269545793	327.59149163943	7857.71666104875	1893.7504786559	689.016906719666	417.465223040383	470.80725245196	1047.84203760228	218.939860561111	77.7267113838619	21.2442127302155	340.198190361368	13395.609206646	208.583739515854	612.850494505582	1068.01305267559	478.979997345312	1	0	1	15	21.1472357195985
16	2428	4599.10350910286	547.107271409211	137.371341239391	378.580919924685	437.204562475502	410.751276021768	8.61490324153149	0.16166157917206	10.659627962668	460.474481562847	2333.44048269178	165.119280070993	13.2549274231122	73.4605021290188	350.978321370257	3997.81187877558	1047.30056135394	188.518959429849	455.283217591701	560.667312918168	382.523862806147	59.6817362551164	1.39387513921864	88.3353921177584	539.117348625715	7225.16983742582	223.177164019832	59.2492322197454	207.8068952286	527.09875846149	1	0	1	16	8.92383919447296
17	1649	1145.50199900889	938.836142997611	37.2820757378316	242.591756399208	30.7802103244235	123.096480740845	0.07508236224245	0.00438275011057937	0.044573932256301	528.608888443561	2167.51779181579	1056.40094181265	3.41884290242971	18.1306108411893	1919.63988598453	1537.00602741635	2002.05227388874	90.2556561174563	271.392852373397	157.099037213049	158.042410545873	1.12564966621217	0.0383337691168534	0.775758030967411	613.318763300436	4825.17534503008	912.515981092982	22.7178146683239	126.98584640951	1000.69322408574	1	0	1	17	6.12276593097895
18	1573	2626.96432803979	303.634168199054	287.173401314984	160.838734334245	90.843127981876	877.836545845443	38.5633160335361	4.24917205699212	1.73720084305779	188.033792138177	1767.37925850114	104.112486724912	19.7074311697382	182.76594976053	140.239423804945	2314.02864709699	360.269518616801	312.883894360367	188.352826148492	176.336932714586	665.635867532875	134.383429607339	38.3082000632548	15.0498776134264	404.201451523071	4134.23929581146	303.705086926533	63.2198766671961	491.261058455393	365.401207281424	1	0	1	18	4.688259914905
19	1212	2979.28510349118	546.187354146916	327.163123328298	315.282739686663	63.9677597073144	785.34906010552	381.028107702053	67.1300468060796	0.158619435893322	418.136246988122	4162.55933607978	234.217977983122	5.68312627391657	61.2468889955535	578.017485309828	3088.64648827237	870.812223485607	370.474719260698	349.404328459591	137.411967575495	806.972473783888	920.279970518732	256.055961362532	1.28721661812299	751.242813063308	9466.03629358847	525.740079457902	16.4171107592425	139.1367150453	948.69644156848	1	0	1	19	7.25730227271194
2	144	630.046659969673	445.729695791397	1670.77754196209	8.24924371067021	41.4669023024297	2541.72484011093	3493.72685895854	1661.29695116374	1.33658047772244	0.111504373080349	7.80462790674354	0.00702479984392307	54.3290542172155	8.91806689719967	0.00744411951174076	808.279679115509	1294.18164885572	1275.57833688005	20.2130799882811	103.262400056136	945.357848546308	1776.95930858267	1512.05788929945	5.43120038068485	0.311454792559745	47.9627176185443	0.0202673619476944	161.99588321851	38.5182534342488	0.0320417273369294	1	0	1	2	2
20	1166	2293.9828819148	661.706529226576	429.194340723895	345.531870990168	56.9336615342558	1116.88674333263	461.701174846588	28.0240206864017	11.5935003086284	210.070288880437	3927.01778894259	41.3047584189174	4.20114313800098	53.4810165186009	206.65668914335	2997.35843127831	986.081749214617	385.196782406202	296.374830301054	366.694343731066	1198.32917528375	1059.92152898962	92.0487391513122	162.933476712189	290.706228281988	7810.0452763485	107.867750460167	16.4275256641831	144.455466938127	361.875373103729	1	0	1	20	5.9391904496368
3	185	1097.56372811056	2142.78754764612	2394.93747990008	12.0831683025897	819.921554411754	2402.26527664632	3077.52403133919	4188.34818306037	1075.76587171762	0.206801137236423	1.40757822267874	0.0358242546466537	36.3966630159477	4.26258720577331	0.00175050026163296	1361.81658695233	5216.22384593622	2084.76333985859	24.1964399974957	1283.70640286521	1261.97566131869	1506.34652701977	4400.57427922516	2179.91905764171	0.513356110035421	7.63202353759574	0.158791881029624	158.756337829603	24.51708141492	0.0130454441908683	1	0	1	3	5.80012440833128
4	337	1186.42254695699	963.166037557345	1692.67389581042	10.2765860009527	1215.83135786291	2122.6595683155	2248.0421482157	2794.79446164382	5835.22692653341	0.401575273364923	1.61665135418706	0.0436417437517517	12.084800433676	2.36644412767978	0.00334002521120187	2217.76266487596	2461.08540821795	1282.95108589817	30.7578219461955	1527.12049811224	959.353036380977	1104.23787969401	2036.24689655647	5847.46721125856	1.79287644603187	10.8343609043134	0.199044134394495	80.943844963282	11.9173380802949	0.033657966744886	1	0	1	4	8.05746384073159
5	148	2862.18932711665	2171.54462934834	3209.55817242776	29.7114345596839	1239.83266566689	2891.61742755178	2558.0884027227	2169.8045062438	640.827946082451	1.08822062909768	10.8764535620474	0.088700658878754	69.979439362949	14.016482557353	0.00583383554997922	4050.21242294035	6127.10602925208	2661.45184313265	54.2107535093615	1687.25169205279	1535.42943860093	1577.91366368864	2133.60312772302	1153.18812820438	3.99905513452574	79.4446987000798	0.290362387476588	292.173217251391	67.1178393465802	0.0377095457151594	1	0	1	5	2.46975674533421
6	1287	3472.43593983767	3281.10155011945	1576.32930460096	168.606296921878	1011.09016202161	1568.18631394352	931.1943626379	611.764659442311	98.3122693227935	6.23696319459436	678.317412192042	4.04978334572936	506.939044479964	110.855690545246	1.94066147281096	3657.86564764667	12161.6937878488	1688.27096641848	219.036919715965	1310.76748138961	982.114396968966	1220.02376967517	1066.58192296335	392.503492657826	13.9299436227701	3462.07542668559	7.06937867958938	2372.48888860477	606.698866722335	6.7610879254235	1	0	1	6	31.636386828358
7	1204	4818.41723589017	3159.3055576789	1064.42975166208	319.554356810718	958.202510275509	1168.78374004042	382.852841789904	202.306987306228	40.0882130651301	24.9367624697583	1399.66986206552	20.2604816021223	361.135198697658	127.978205270116	10.7458341884417	4623.89630840492	9659.81101615354	1036.36076119275	352.925204022156	1164.50991279976	692.49100446987	779.021527152495	510.319331123117	275.753768061983	44.4207279138508	4785.39953228214	27.4222437832168	1263.3063901864	500.260296803879	26.1146956227514	1	0	1	7	17.2982951200076
8	486	5469.92167639434	1229.46277544817	770.408310366712	410.576135570693	838.484123338473	1085.69115697395	305.444622558164	141.323357735527	57.5027643773643	54.5614655202239	1925.64443139438	50.1129197240364	312.66819278396	138.921395113052	37.4299865007225	4809.51312736282	2399.24312833815	740.010923477251	405.413288091015	1030.20640394903	751.152772774803	811.94283285431	454.64485065082	267.284022682016	69.3767951179335	6384.1798698111	56.5402514919904	943.799791694199	431.790756771255	72.3581841003775	1	0	1	8	4.89006791755845
9	1136	4891.20202778139	489.660481738186	890.192220919307	245.474232642749	760.136175876644	1477.33835161167	450.087886582591	142.491243813428	139.582683168679	53.6290193976716	909.920888987572	24.5200097452896	791.683516098417	781.655261778765	6.67989703072122	4689.6275065118	1363.83033820665	1084.23958359964	402.362376944985	1408.70618032843	954.200395199229	811.180223059567	450.740015160599	646.844143729593	90.3431586940164	3629.45887014611	48.0486035896877	2665.26192539366	3036.27691221872	24.2621254102612	1	0	1	9	30.8302169153074
