STRATO	N	M1	M2	M3	M4	M5	M6	M7	M8	M9	M10	M11	M12	M13	M14	M15	S1	S2	S3	S4	S5	S6	S7	S8	S9	S10	S11	S12	S13	S14	S15	COST	CENS	DOM1	X1	SOLUZ
1	69	829.749706676307	1476.81202177714	1904.91332693619	45.7674505870582	5.28931734657023	1683.03113480456	1319.061299436	1074.75178724146	0.00494092926224866	0.653637884150739	4848.7144315452	3.52587307091158	1390.27265772469	214.323381279942	2.2532803669882	537.184096346768	1906.39766507666	863.895472925105	68.9701988921319	6.84902515432248	798.665151421065	1835.36655265792	1442.85515629923	0.0186774729318227	1.23201257859348	7415.36044386337	4.40078261660775	1135.18257172332	207.50613542786	4.60942019231818	1	0	1	1	2
10	185	2202.16891983897	5579.80271661679	2439.8022488019	143.805898191835	1013.84701209263	1895.95454878428	1806.38861485287	3083.89320836834	593.305247029671	5.42251001932685	740.788978910208	31.8047092008118	341.366422163615	120.576095917112	88.8739957166944	2070.67217897113	21134.0366375256	2193.75995169912	206.403186024428	1472.69056298677	1318.23851095499	1759.4429862184	4480.36929433471	1650.79659446264	15.2601226264454	3681.2022026736	148.489585309736	2076.85791682985	910.70894391386	344.072556714212	1	0	1	10	4.95396129426512
11	369	2941.46945077792	1904.89733959716	1247.88105888927	147.698657118422	1449.79418076732	1411.92518526848	1132.04119394455	1245.28595185957	1091.14943427071	14.4179202024652	1068.65659374294	41.8146744461711	184.914887244412	68.0212705233751	100.155417866424	3474.68476603183	3290.59261093829	1033.32411827007	184.182983683013	1842.33921468806	888.258099324046	1302.1789468191	1899.16720901406	2364.96673341823	30.697945178062	3869.47299610619	110.421435748886	662.456265464554	243.120500674814	346.510703056633	1	0	1	11	7.7041744755555
12	57	3255.88978531374	1272.99939826762	678.969859761334	314.97085903891	561.007385777043	974.198564149531	563.005321128551	682.797126073143	1353.33857719491	36.9592092476138	2586.21053322938	157.078719503618	319.907056886818	122.152667305449	492.379559012877	3587.29834701049	2395.20726071545	537.982802334243	275.157272608563	690.501310522246	687.321726720499	997.406668112197	1534.24042312059	3428.37365627985	47.2502365249638	5242.25210120497	289.167279340994	810.327544640312	269.627677381472	805.044519353494	1	0	1	12	2
13	327	4324.16435603046	733.183156782854	879.971570525351	292.308630672896	1094.60900698317	1272.35975656595	739.022940994488	997.826913160891	3423.71541293308	31.9475169961196	1909.14550668372	61.3586973263358	327.206727122033	112.386915080571	125.457883869782	4297.08367222476	1148.3365510246	692.302863551061	314.927596590467	1369.61785463543	673.688820692043	1035.32597972996	1739.64350557778	6185.36226874372	47.5452016017253	6254.54816165174	189.823234868634	990.015089087615	273.221690579086	418.751355490423	1	0	1	13	15.7133312986426
14	135	6829.93273270238	902.103237294867	860.05835068921	345.420223953973	1846.20098696713	1199.60365206965	610.690430086386	783.069611795388	1641.77011126256	38.9785569614927	885.918764221561	58.7626948444519	93.5147830023524	40.7322017409431	77.0875637542535	7816.79005899441	1420.89613049601	769.280983788673	363.620816779592	2155.94559934832	730.143648791551	1071.47016213586	1406.15613482938	3749.08727821029	48.7324644681723	2449.4037788415	110.817237793013	314.071608653807	103.294379255403	269.636991087122	1	0	1	14	3.96361187545873
15	270	5624.37050965679	1387.03779236487	1094.99177539814	324.408052960384	1271.06214275097	1246.44439568511	554.200459622618	422.485283784993	435.133473862571	38.1178250672762	1413.1673612076	103.928440611407	125.798915138499	56.0635869765523	243.298490508318	4881.41684940941	2180.36228186803	1181.71357958574	324.032934112796	1343.46041970316	924.626548562597	1036.38392626484	952.210062966943	1495.03316891208	45.3369220657605	4406.6451097156	264.776340419864	453.697309532956	148.753585764662	625.04670222697	1	0	1	15	3.76776437186832
16	149	4893.7324876689	1378.27164998751	1334.17105776855	395.898278256924	770.267657042211	1563.22333403114	955.281599288263	1045.25495044955	897.22937615208	56.9585558879308	1495.92689692312	125.561351709355	131.295092384587	89.1590475708162	281.316922078499	4490.45397093563	1960.93066894944	1563.31002212913	442.234327950471	1007.74814811976	1404.74536631947	1675.6909089398	2556.92840368638	2436.08184198816	72.1164408819132	3927.35464161711	290.557863856758	456.942717472139	322.836562536619	674.502770617955	1	0	1	16	3.3006383847856
17	423	4439.79531336785	1720.36291004781	2057.14817296804	392.974151331957	1023.62173167886	1999.41079113257	1511.86883182977	1112.47023065456	288.860475123016	57.4133907960362	1025.06543431974	94.1490159738093	173.273928627581	74.8331615389051	223.114427515048	5152.45813014404	3759.71496925538	2365.59464162048	543.104113954179	1201.16763317096	1546.15077650541	1711.04519562443	1693.01721724461	782.762273965204	98.8027263407375	2703.88568847882	259.689786031439	447.405478459613	292.595974345822	604.305694822183	1	0	1	17	5.84969156801075
18	373	2175.59280841073	657.287935677651	1542.50381528003	162.286745622883	610.898270114841	1909.16882096271	1762.79532430801	1054.00157944535	214.242368034731	18.4779528366816	1194.99783080393	33.9760291908071	685.739177985077	124.425529081365	91.8612793850498	3952.86812292701	1745.2519342042	2137.29705173776	310.56496742575	1065.91770954388	1268.17856148706	1784.34666651315	1697.68681834478	616.026331823248	49.9126614490352	3814.77316388174	146.291521287602	2163.98955597178	313.579710780895	353.565943827896	1	0	1	18	8.71677540909099
19	378	4672.56227355398	1214.06732712597	860.991479738756	220.590315598454	912.139117601963	1278.25178272202	578.827022130955	246.260012229172	112.791007257202	45.519907582326	1151.33928766393	61.2918941742129	329.491205858545	124.370307234599	101.953203039979	5057.32377471047	3619.29903614205	845.75509071268	200.884319770238	1147.22260160678	881.319756827954	920.32244860838	583.979905537623	457.659797718281	68.8962117195727	3334.57547670529	160.733658334382	745.63143813459	280.440601684637	375.252037056994	1	0	1	19	3.77004553570293
2	114	1111.73326303055	1539.4934602715	1024.75207798575	114.293491841272	110.472441216413	1271.52551473325	1085.3052285603	531.094226479747	1.58563083334628	2.19644386444079	1017.93802004437	4.19611270363398	213.279564153188	66.6193522868057	2.08568114094906	912.031708870471	2513.62680830963	502.48675953739	108.236425177807	112.109091582298	695.39726858012	1259.28896946058	634.63714535537	4.99522311444465	3.08948387501397	2891.43777328631	5.99470084768036	363.857977721879	109.856475316003	3.5205369435289	1	0	1	2	2
20	293	5543.20739595456	1078.67158748615	562.760355038617	418.836693877912	863.325936764762	890.856209221089	269.900160507921	108.794725159963	48.994962643104	93.4442157419561	2331.23483241153	208.462243955991	283.470210730114	126.852289861602	414.492449480961	5634.58489534332	1950.26789441877	684.925763217871	395.840554766469	1037.53756933443	846.027207628844	751.404827308526	394.577593144218	220.740201073202	103.732861185475	7206.01155471347	367.243705458329	918.474635064334	393.855291243052	795.509317301548	1	0	1	20	2.97082125041052
21	245	5577.45140610212	1220.47357397526	446.937792764307	551.285973374189	723.808407953965	702.707520125081	226.525113255324	120.079825549652	55.1863196589753	146.94434679843	2911.28932347458	370.733687544486	72.2670823550666	58.686517393439	770.80652670352	6391.77820487598	2494.2385955073	633.905355343443	637.694365643294	878.742058751077	759.155460538366	819.645963132393	481.397798558606	289.960852252521	160.843730148666	10896.4649260566	571.458057464832	257.884220316914	173.866778184586	1078.68216804133	1	0	1	21	2
22	439	5296.61421681548	662.99555760756	709.553985940414	390.775023233427	911.357240666844	1189.68329121152	315.339281529456	163.69981341662	181.03052015542	99.856744880217	1816.59184809327	97.4038344815064	515.999492375974	437.959235455258	171.253113777244	5065.1386090199	1628.61287848089	810.510058187847	498.782021927374	1752.48882158186	921.859667371514	732.765035440384	534.784653057825	784.39579981412	171.710796939335	5471.57863230434	221.642057167548	1528.6358628108	1770.35738140994	545.516449308484	1	0	1	22	8.37637248328859
23	146	5774.4424996008	719.775289884861	857.879379133081	188.883071210157	1126.36123864133	1381.7404302817	393.819496172844	147.724823437766	178.662807516269	68.5945633486102	922.045272352175	92.3621723841266	992.754457521445	1054.52349314694	96.5977667308749	6141.68761162232	1902.083975084	1133.07656251964	238.298234216248	1982.69485271163	1073.34220999292	688.031354729555	485.676635927286	793.691563469274	121.209234711284	3017.1660177195	270.380202557418	3558.0196708623	4771.13714693893	415.744574385962	1	0	1	23	6.3872811149718
24	265	5056.73336463541	644.015808114952	895.29818975431	169.151956590408	983.705313660847	1377.59402671495	310.465856202944	112.672080363565	124.13761385097	52.1354156019326	1118.73862158572	57.5110589154937	825.779318202061	1070.19469416565	89.1163369182033	4881.6997794651	1837.00144392157	1223.07694898017	197.58912778775	1790.64144898663	927.39104179283	655.799550651404	454.617086866973	601.89173339735	96.0809413338493	2990.06693258414	164.460144566525	2594.27513604648	3726.19103064857	377.053172386821	1	0	1	24	8.76429537665133
25	210	3981.19261491237	486.57343116414	907.803334310322	150.326935438607	621.018789109802	1489.16985545872	544.171577885795	96.06611943569	66.4713443816825	60.7435414201096	870.738613423659	68.0005294871707	362.900014493594	665.848803744758	122.945907350826	3771.1534410658	1311.0504416844	1344.96470350515	204.226915058375	1160.76752294649	1128.40790557654	988.115981900931	220.434225460661	242.028297137681	128.343608358093	2534.56804642679	204.67374787871	1012.45219779582	2273.14809994458	449.553745645474	1	0	1	25	3.7734295587284
26	142	4479.02680386175	351.984130815568	715.555711041932	263.806621773288	363.697673125163	1329.27347883854	447.860639707516	59.7794362064776	23.6521141069264	92.4738419337738	610.665657017843	74.8639605867008	337.196393040669	392.227001574627	130.569286810321	3942.98681089306	762.165825521583	760.547387607927	349.685093259925	382.254681175832	803.86776760114	772.594743412734	129.317185294242	102.661624756496	153.125188035561	1338.75048776367	259.136349095264	1340.20833623005	1649.93787980799	518.820571632304	1	0	1	26	2.34767704821845
27	217	4871.14959148767	679.924755699084	765.412613547669	683.143542270567	361.58304762807	1252.74315754953	305.315156822865	51.9619467640625	13.0708910289401	200.503247224897	3723.62493947311	112.153779226703	1658.26534679041	652.274365544067	224.132098548033	4976.38943633131	2361.11000623043	886.797080442754	1054.62871848256	496.121658011233	840.004864603006	594.920917693287	158.830385259171	80.0445005830716	324.781824992154	20884.959257506	270.063816944652	5926.59180665262	2190.83014394279	588.915987244273	1	0	1	27	11.8858333233023
28	118	4567.73565368351	648.454147283679	905.945003471337	560.759479475228	458.505657745945	1490.54192460282	664.72059703786	146.739934269972	36.7519365283767	144.010348842106	9041.07771041803	57.6247829673318	2527.09141673755	760.319812996682	123.885643986947	4345.74663290624	1908.83551646588	1257.41836077486	798.692318050401	608.711231896922	1068.51603643005	1081.79569736989	310.690155008278	166.339525927962	228.771860478024	69195.6711155135	153.839579273053	10971.0315413166	3174.51311869539	412.099724903628	1	0	1	28	11.8279238352581
29	75	3994.38558547515	954.769683859016	674.410624809855	439.489507167495	491.949404376885	1201.32884407526	615.619369755161	182.730226980486	17.097793406129	152.391347922294	5788.93368290453	217.15827052061	894.221666048255	403.777164303814	471.565662864493	4085.61938961902	2191.34088920568	908.143267947713	577.074635993682	826.677953310858	1114.4354605254	1160.82948829624	407.571854594	78.449272754944	207.851156581388	37571.238332374	457.76343068663	4161.29651255564	1621.62461593895	936.67949628441	1	0	1	29	2.95231168232146
3	93	945.897352158922	2157.93820488222	1189.58364538479	113.910503669747	52.0662862441332	1169.98676582236	717.642644115212	344.997277436067	0.593497708355445	1.49573423814167	4945.95291698694	11.1844798398378	428.32424286716	111.07488820627	10.3610838199385	619.654255972795	3253.02749967026	812.572524672868	118.726238494719	58.0696051704767	655.692567295498	971.840867748524	436.652680761835	2.61335517059741	2.56753293383073	9687.80565601061	16.749723304044	1206.16878715166	180.108677448032	21.0728046726747	1	0	1	3	2
30	507	5048.82198247956	1271.22633075219	632.655729395869	653.318416818501	425.29119714923	951.187380373236	244.484616164817	75.4511576156373	8.96786428439501	214.680561632474	5721.91411056204	121.588017933672	214.81591048258	197.186270601589	212.181196245614	4002.24916798305	3276.33362576876	685.430495146747	667.821357920573	523.569686458075	716.879547692808	713.468630464924	250.603357774593	58.2158123352129	205.443912389842	20931.8690258815	246.928774742815	880.148062719155	635.466604521802	530.795522861249	1	0	1	30	5.20208200147421
31	545	6124.33429068103	2296.5409215606	815.972626839189	642.36940616426	731.655221349833	997.301298403947	162.35428058062	38.8929284971675	6.98673353873419	189.193189362786	6227.59466783347	172.556551670476	161.708601642751	104.63310886397	330.574509666196	6150.07649545127	7926.78418418866	1027.16722592324	705.236819984832	973.278735820956	807.849945208964	450.27864716246	157.05316325612	45.1819425526561	213.361114827471	19748.3695101902	393.801790213498	554.101365284551	251.175131696349	805.639892452593	1	0	1	31	3.66931533190984
32	444	6929.72457451154	1835.43923667275	1029.2326278241	460.034506752078	1028.12942473586	1167.39236418824	225.844516944284	103.453672049024	10.9619898237403	160.242140623791	2683.34030967227	104.265208489337	354.936841538068	90.5246061073009	150.499955273247	6654.07798619358	4599.31692916514	1375.66125113894	613.280475249007	1237.99490667363	958.391000144816	528.179448890357	326.465271027159	68.286612400105	245.908540171484	7819.91058067555	175.852149362049	1276.80642835262	223.338655251282	493.635334128176	1	0	1	32	5.42388761827098
33	656	6309.98725662014	1929.34634031493	780.813634722208	378.80454850315	1000.89803254148	886.692064025167	135.049113289081	50.9296827482873	22.6256776222844	195.166005458522	3358.59871416461	360.350432709362	523.490157805453	113.746941638208	673.654206752303	7918.87145284071	4493.02287114392	1263.2287498113	503.267023770307	1520.47369692806	888.109131248131	417.196633220202	182.002299508483	190.309817955006	250.940088116261	17279.6788637949	653.234824478304	1775.33868496593	325.768596627646	1064.21421894954	1	0	1	33	10.7977255223838
34	923	5798.44948679614	1110.18120221931	943.060363413132	282.533140128875	741.442776957158	1432.00241795018	635.228588851006	405.039328750137	209.451285928054	128.573649835771	2129.69040216024	154.814268645434	240.76674140532	141.199498857386	274.844552528934	10068.4658378317	3342.54040462975	1337.24267956475	507.331238334428	1215.37857107931	1383.52871705713	1001.81172707508	1044.30701788343	609.535483344244	190.14855406525	9082.36613090532	293.179955481822	946.368301185008	887.8530823532	568.199242699591	1	0	1	34	12.075039733233
35	565	5144.22773876506	910.552329699733	800.934549575358	204.362199085807	898.225431589512	1371.32748714889	562.460985828454	386.854299437673	345.177418021043	95.9805881474069	2446.82589247338	186.994993998299	322.990330023988	211.941252123433	312.946222695728	7832.03952090641	1663.38334744752	1038.67862481812	323.752686853748	1748.13679804521	1045.79341662858	1126.36293517121	1167.4790039583	916.287461214924	139.068104688176	9648.59026806406	498.129588944043	1959.99572957264	1193.39318861334	753.585383853094	1	0	1	35	12.2119237801444
36	101	5482.45930379232	970.888058694281	728.139965283057	161.33370436341	1143.96358745565	1211.03843717934	419.569832817836	213.25538995019	585.83987652967	142.100739877342	1256.09884587225	358.043567622385	142.489977537081	120.659052186104	594.133766370073	9485.94109939826	1681.9830248106	863.062357845382	221.005417478216	1779.31059929518	1066.2334662154	767.628593337288	517.938347741275	1368.44972102602	200.442199879063	6335.53672503909	741.138739297911	1000.048169051	958.810940526595	1109.12614673749	1	0	1	36	2
37	374	7913.8752879505	1301.35613790991	708.204603661915	190.563978166833	1650.17209543041	1191.02217622282	358.220381818605	151.80170226354	578.235677122118	181.863420099545	526.669093017644	365.411350599396	47.2568042368626	35.6340859294769	561.346114752928	12897.1596191179	3126.95608311272	806.874098736476	237.940471702089	2309.05489353035	1075.5959981525	647.57169680084	422.927719931819	1575.85276492119	287.7073501964	2914.32647312329	750.8334425986	236.93617920664	276.363821264807	1117.99492369066	1	0	1	37	4.90650333493033
38	307	10270.0324241755	1170.16626789667	962.799547862791	252.083014770146	1477.6834887515	1455.93787958984	384.617815573765	247.446935899537	362.556284019408	164.229753023812	312.670320033429	140.20639585402	97.3203466937262	33.753052584334	196.709735321661	13337.035498716	2165.20524508467	968.51477900916	403.238986683964	1528.94741138594	1127.6461485327	735.037390759519	809.201468509641	1393.74409096291	336.732484479989	1559.59539135264	527.588219284587	517.150288502659	96.7082810860469	868.51229637812	1	0	1	38	3.90870495662336
39	339	9068.43497947748	2239.76538260806	1128.66133487122	400.052960486145	1328.12439686527	1524.10980591014	335.27762847993	362.091352892255	544.444184211531	137.173134453023	1213.70362991522	193.575903997946	453.279642046642	132.232945897272	320.478329211751	11145.4861226645	6386.83283006021	1526.29428363423	928.277953309632	2617.31137834634	1163.1879329436	721.623588531691	1455.90720188413	2214.78321305474	339.597852526214	6483.03729474589	686.621665016529	2392.93413158845	497.266289653048	1122.87635843615	1	0	1	39	9.45225894134301
4	300	1910.156904293	2505.13802806974	961.152759392856	189.537899886324	232.184086884321	1104.16259969416	754.267132020252	309.795150291522	1.63785879648718	4.37121348487226	2266.25780548456	14.6095978864406	112.432810575931	53.3811490780332	44.9600085582125	1442.6893760668	4586.15950792089	704.846730737009	222.220756019335	319.029225984953	678.545267411915	1108.44860851895	462.494667542409	9.5037225040724	6.16533752413726	6993.01296894134	22.2814654291614	242.068578177194	110.193575057119	79.5765609740123	1	0	1	4	2.39207722546108
40	599	8645.9830870169	2438.17667861978	1357.52780153574	320.695794198388	1278.29469897269	1821.172689047	602.500983330823	774.372935323221	1254.71999791594	121.156858221905	2172.7678782229	73.7513013147388	219.140519609371	134.911681492371	167.857976485587	13591.4180653561	6897.81372854349	1635.33877310688	599.51789257506	2586.51099918158	1249.20787874139	1034.33848096867	2420.01217149778	3995.15088950588	254.966541940234	9533.12605668031	294.47538609499	1141.58599415095	448.588358837447	685.681027709598	1	0	1	40	19.6696406196511
41	244	7208.37591614449	2323.65100465307	1752.98084125701	171.373359459075	1397.4082694318	2154.80922934962	970.634239082566	1095.94829883809	381.927318091407	64.6474805339583	1184.74139893956	44.4905486291685	145.547686558428	106.065596599826	112.643054443207	14535.4701557357	6370.69752435592	1873.90400460842	298.409910182751	2771.45753826419	1518.21784113785	1346.52234899524	2407.00295866521	1303.12631583628	163.224626410313	5839.8919817233	188.133771510425	694.191786842533	358.723433313498	483.548743106206	1	0	1	41	3.70190326014081
42	448	6961.52895517665	2412.12939492167	1695.61722634576	172.280333009092	843.32347432285	2301.2533988183	835.331168782452	328.327470336603	6.71039487598801	62.2766915607117	659.544926005579	49.4181371001173	163.861055629594	140.155943964895	78.7058916345024	9294.84217334797	9052.42799598306	1997.49562218384	250.837693940949	1709.8533822329	1757.66074986982	1461.19625598242	1115.77863909835	51.1399239751273	193.752277511261	2547.59558444631	309.292522767137	627.267136007036	459.112712534185	508.523251276951	1	0	1	42	5.41345350268004
43	2208	8269.27242032534	1225.88679095512	1403.2601317826	395.873378991225	356.419689382422	1768.00231610681	279.357945634266	63.7642636484923	28.7304948965318	214.700747800631	5680.08696645817	120.802404374335	230.876497885294	426.203307728589	191.370553599813	14568.3718881963	3046.63251036868	2390.74480314913	469.367716483177	511.989273654412	1713.54664682076	612.267622048719	221.705515231663	263.439546749007	320.177148924368	12010.7089732755	328.658305083868	598.671317160426	1135.30994606117	589.201345278151	1	0	1	43	22.4297033380296
44	483	6398.01284769329	854.23192708054	493.392383023662	430.480791497215	374.553910465644	914.114159609509	77.6860721017664	19.7170503856208	2.9213038164555	346.879999437925	5490.60148294699	223.859850467246	149.826446778087	350.934813538112	327.034969040056	8247.25923357808	2837.86932860364	658.045270442119	448.028817222365	361.460341661917	1039.77307101917	279.338050208355	94.7430389743761	21.7047924512948	375.608244888046	12443.5330107022	241.975720529054	824.84213259274	830.679003873677	441.398365329965	1	0	1	44	4.59263717841322
45	119	6465.87600295055	685.845702836227	559.54930381884	503.421351804441	437.902242641087	920.795811845511	129.994815494999	33.1213666579595	3.57355387546542	393.363088160119	4603.9857025462	299.635351501282	234.671474933209	379.888162363685	393.368317033882	8503.95450188856	2012.81528365427	792.645337438488	520.846384009554	456.612449579549	885.510685100214	369.267231104513	114.588705670082	13.9785056196546	377.841526520402	10732.4515705178	543.074314898498	1137.03364025465	833.357446392074	694.636601679356	1	0	1	45	2
46	697	5817.40294841903	443.201100187917	418.565823695932	380.433893308833	495.571853139628	721.897601291951	29.0998611755047	3.60129525976536	0.271966041334735	302.374827467614	3419.31346016155	252.99730442761	157.398445676558	376.420600843357	351.200184814382	7112.21545767407	758.929020692978	602.150333520047	397.795602303188	630.824086539172	743.118024626536	134.550587892729	33.8634697014954	2.79615453345612	337.32779659447	8810.66937608779	333.942800079394	359.949863864815	677.6049388281	511.259910726762	1	0	1	46	4.00966939379563
47	515	3668.59273530914	295.275582449885	226.243132470733	267.757868166134	157.930890800941	573.953386606154	7.80104363448589	0.137116249897548	0.0103887558493502	350.141874071174	6095.28551582705	330.136392016348	155.748215244144	441.714716971194	604.389657846557	3350.61870742351	350.35220632193	311.409191906483	281.122126703355	320.001567818453	509.746514832407	30.8801625853035	1.58260259297374	0.146064531361241	403.219770499039	17487.3873870093	497.685070774555	629.323327529092	1510.64237613219	755.446806604796	1	0	1	47	5.74618230242094
48	357	3175.61268297809	362.511617613	157.447265092197	175.642122257757	166.051136994257	522.98415743791	21.7908249365463	0.43408458879089	0.0441821563772294	404.061670546156	3202.91172086104	391.836081431728	31.4881465175658	174.526121974587	640.296621363982	2463.25017247465	685.510345273489	259.163713203763	166.985022828414	298.004596373459	519.580120287901	98.607747076365	2.80240029373375	0.350032450731077	453.975934340397	7498.69757280927	680.759537217073	123.281406605318	424.169710225375	975.971155268976	1	0	1	48	2
49	1170	5526.79736385307	606.088867105134	127.513899606813	390.476376427244	625.677200853426	351.182663681035	10.1490001268569	0.105107231236554	18.5340850322203	584.672657344282	1335.59400279681	336.473326650552	6.62486336008433	39.2842160067073	405.478208637709	4116.08709534754	971.494210211262	179.544068838503	515.27611212193	620.679464537186	335.917634253893	66.7435190546598	1.04418042641473	123.057003287136	703.41041953379	6310.61834285827	740.645535914213	34.7171983652419	99.3739561134082	711.962733174937	1	0	1	49	5.33526692779909
5	615	2454.7820894319	2802.80458281929	1256.09173491837	207.364329231356	270.86815258175	1394.91519949901	965.38643921772	478.254616961683	0.306279248630122	4.64600183490739	1679.2985910859	14.5412698543817	137.841014906752	49.6318494487264	49.1944724698661	1965.06631157586	9984.86599775824	1176.40775387797	288.959451113887	384.846354805639	887.668659706012	1571.93586983432	988.886607192501	2.68054898712968	8.73497016025314	5803.68768453634	29.9143551351175	398.532065536406	113.405287375806	132.058319183562	1	0	1	5	7.15178656438037
50	435	4542.51100876534	363.739684812123	133.141424765565	513.289936427732	403.174434020937	393.905809222681	2.6254163890615	0.104986159119469	9.36878542076219	656.270743409691	1615.57660738624	324.248347057767	18.3890782869611	70.9076442880016	529.089423073321	4988.78807275008	401.395977436905	190.801281455447	544.719364631037	609.637769924975	407.225692771572	9.96097390167017	0.662012387753484	49.4574713580708	689.318944343346	3105.89138107574	536.678037237585	66.3016931288876	197.00904476926	650.750328547166	1	0	1	50	2
51	1417	2732.45902356387	311.671269760029	179.531697535685	259.211086593685	149.135575360721	546.281576460755	17.9320579449218	4.5377450283648	2.02250261842317	437.208392855222	2931.06622689362	134.597797747089	20.9636300469	166.848272752916	309.335974065767	2531.96037979314	338.053241676497	255.104823678931	284.240316007442	270.744847289393	499.395418257561	101.99117178212	40.2997264204037	15.8605564547413	607.198617364973	7975.16987654705	211.80275026685	68.3786266980477	410.497758104879	444.960240303033	1	0	1	51	6.58710773395436
52	443	3169.49646540402	290.89619956412	217.054749408105	143.008037379001	81.3379805383121	730.799013361221	9.4197684193682	0.191117805906981	0.0320238169881938	214.508780239456	2190.84402833102	170.406659615975	11.9576891608575	144.406985699599	189.725516542983	2786.67386283954	339.006211442942	233.652268376313	116.114721435059	91.893054602651	517.418001220198	40.5563445706048	2.00527623557064	0.303611341752387	340.820189710409	4352.45621637137	498.762454762103	40.972150067623	349.454257566281	554.941773932057	1	0	1	52	2
53	545	2471.4665177606	367.900237122238	356.295968129072	125.442770128363	57.0107340545918	1090.05125144315	59.5923293766384	0.437091976098299	0.0600378132189523	93.6257114376274	801.098444389447	83.4332234009421	9.30120976677032	111.507795209139	85.16068609011	2098.77006585768	442.999352633787	342.981800467316	104.448397665402	76.5145557060948	817.766295417495	153.886653472988	2.98620525020269	0.509176339756992	141.086876210822	1213.63974104426	258.970199810095	21.865633282436	506.923048062651	276.303720032294	1	0	1	53	2
54	540	3937.78310659057	478.576233482518	217.118234163508	227.033425962887	107.758551003852	651.517639335545	189.532126436493	30.291595607429	0.0530978497692683	513.516271677718	1752.89738428559	226.500134358056	3.83511439868392	55.6586095024453	468.875033924232	3646.87592891846	834.311999487748	302.427300178657	245.701182319472	185.645189590993	699.766443082498	683.542560545621	161.618945780993	0.361524197937965	912.584135074104	3098.53517013858	352.469740636816	13.3948970902084	146.206209857434	659.927479611036	1	0	1	54	3.97704566739146
55	165	2965.82778319617	1026.68534664803	642.75243466487	406.962772547313	64.8619505615349	1224.87759578047	1075.3265295465	263.678637591949	0.0491431101117401	126.648282394635	1992.3549127168	145.20406435727	9.00472398860396	36.1345361713164	491.821710220498	3199.93704875208	1501.86433981619	492.413386988737	402.076855484063	85.7925300447171	1064.25950592963	1598.51525750547	558.442405646963	0.205575253828821	159.935582609724	4090.08542396905	345.974066056561	19.7751051238018	81.5648345704771	762.69118191251	1	0	1	55	2
56	423	1893.38658866619	448.133356444204	367.50751426763	409.37692233741	9.98237025638854	840.154625117215	428.761354946923	50.8174617776825	0.365918000245841	394.011867345438	8266.95662778397	230.964304646034	7.43368894764384	82.97793297775	726.577879493719	1709.23617419976	483.49400842456	329.603675684677	412.583644224795	24.4509034111471	798.169536739298	753.99485146118	122.085210910712	2.12055203484587	566.542781535362	14297.8457623747	538.694001368727	19.2684531332347	155.102964164313	1170.04879969749	1	0	1	56	2.69544174470224
57	1197	2272.35969169411	662.334835337605	426.598883626259	348.051651935335	55.4790747222109	1101.87437989818	450.074826249957	27.2985142103205	11.2932509746612	216.226748166604	4035.56949624272	42.4339842471837	4.18595039799733	53.5995565147425	215.283762922561	2969.79617038788	977.538223266348	384.572179053023	298.592128447366	362.02499035117	1188.54768015899	1048.55247767918	90.9578731810121	160.820347288676	301.414139493528	7838.40964476831	107.786132800569	16.2429006203751	143.117272398599	371.028076181656	1	0	1	57	9.00648540376824
6	172	3091.54965903068	8961.66736970076	1370.00777073704	237.841663623716	946.148437579742	1049.31423297799	453.810720299573	396.371285235598	13.781244795212	6.14625201560156	2070.91794763962	27.1322856405004	276.800045122454	74.7082717429412	95.64762346468	1951.45986657876	19351.1720999621	1446.12222139646	278.471328301298	740.763201436044	615.470798803931	901.175477212242	844.175232617415	67.8620032225124	11.7259988443246	5437.95307655435	47.6764490563588	802.10617188014	184.11257351386	210.500850326939	1	0	1	6	2
7	151	2673.80716920778	5598.04608620153	833.968384219265	474.791225506989	764.78595537598	663.59308866574	131.099426560164	138.253830343311	4.26565883344491	20.5407037448133	4153.99053737497	104.846978455353	234.474250397642	61.3914527908098	486.436933921325	2050.74446314768	9269.78752078954	889.741240727966	387.534875331547	912.650441281154	466.536928320952	208.487583677665	251.050283704763	23.9404088484691	25.1374897425559	6762.15717947458	136.496669418638	867.565470087616	212.998938944287	524.87698184888	1	0	1	7	2
8	140	4260.29363734576	7059.61313344837	1353.77102356398	437.470286331455	1478.18643896276	1035.38210510956	343.264828538711	437.72712731845	27.1594154531353	9.52662906586279	3235.81245263765	25.0085603484081	884.90647741433	204.822987134905	74.46678637182	1992.24148851026	10831.1856070801	1176.85648800568	397.961287254515	777.907500092208	576.080581355039	673.018494413827	981.478155180192	146.025170463038	12.5811354618842	17714.4001913542	71.8865874358351	5139.1709185299	1389.7414509948	297.225603773507	1	0	1	8	6.58068092211673
9	103	3359.64016650707	7512.65110145655	1507.02750792458	438.634783627661	962.742587400869	1051.11128729158	346.992641760694	505.009170512906	16.6026940986824	16.5771921543188	3292.201033736	85.1276867416884	651.534630349309	216.563828231841	292.341737156028	1558.73445784042	20552.7453737781	1590.15495941517	341.904905037508	541.425645575359	748.305185836394	546.438409421567	964.032482055964	100.481821468292	25.5964249378368	13692.8860455862	210.344328877359	4075.42739252595	1548.1005596075	627.005511751452	1	0	1	9	3.9387279416478
