STRATO	N	M1	M2	M3	M4	M5	M6	M7	M8	M9	M10	M11	M12	M13	M14	M15	S1	S2	S3	S4	S5	S6	S7	S8	S9	S10	S11	S12	S13	S14	S15	COST	CENS	DOM1	X1	SOLUZ
1	85	872.097728984621	1426.35350695394	1746.87394881054	59.5387151823295	14.776105023571	1623.38984409847	1354.34768934285	1023.82755860328	0.0384239436872771	0.984212682197155	3507.96683722731	2.54397314729466	1178.47524180013	184.405619030161	1.76172475930147	607.776113342031	1822.61362455288	848.742675997846	82.2405946259734	30.6811560986856	777.120392467328	1758.66586618079	1352.54818662302	0.188845302112442	1.89027441186313	6077.5394341117	3.24531775315985	1108.30557943097	194.037360812864	3.40242700052138	1	0	1	1	2
10	93	4018.51788656947	838.141096709159	845.254948621698	284.215379240298	701.904711164459	1188.53179526894	682.359181733807	902.152128742156	2333.74676551705	27.6435534047383	2795.46268843229	52.5478972008519	492.938009078131	166.266581759033	130.722584685596	3779.92639527866	1571.9222858355	606.91228041044	291.042666004752	662.079032832605	652.617031909651	1085.14279095891	1812.00032750384	5045.28050941185	35.1998434740843	10870.4505566044	88.828289084849	1328.61708236271	344.19807157883	343.441871818735	1	0	1	10	2.82256788922725
11	284	4670.6326032987	679.079881964016	911.37518840799	303.209437946631	1299.48438649528	1314.56019696258	760.753619127039	1054.22659537436	3702.69540388064	29.8261733723446	1512.85879416939	32.364888095346	260.927822083204	93.1425740723111	52.5202317854722	5010.45595378392	846.531155428712	703.429709776157	341.416083636469	1622.20696440307	659.812243215057	1027.32935111354	1718.25942726116	6308.28730879238	45.2364187305444	6602.17238818925	69.0541501536045	790.860431201632	244.847100557647	208.331694424219	1	0	1	11	10.5482437714895
12	96	7288.5761725993	897.3195148153	856.658939577711	348.891869776047	1932.74072606147	1197.04443610085	579.793854519792	688.890937398575	1232.52051154992	35.0503647861435	793.07723138515	40.7264826449626	91.0262123062032	41.0281654062108	35.4972567446481	7929.08082943225	1331.03098551412	759.605569705699	360.50834199337	2123.88260898638	709.09936655149	1068.80673313473	1340.04617641711	3150.73814089459	40.2961788928262	2275.57839510985	49.7388112498092	286.037747303866	98.7853238172613	118.750506509575	1	0	1	12	2.05087709449076
13	208	6226.27478357691	1289.54784428396	1180.50085750602	305.720979960217	1433.88701049517	1307.33037248681	537.242049466141	419.82437760051	453.282795525888	30.1276081084727	1138.65093215587	37.3501270849845	137.560823612713	60.3923897721413	48.6015291865133	4997.87516227595	2003.51658242866	1179.17483639257	328.512006878097	1251.80677791553	805.260123185978	911.722644508599	895.352771887009	1448.23662784578	34.5219943799711	3899.46759316378	57.2547780937802	474.934556096684	153.807141833182	179.745781235214	1	0	1	13	2.3685485564001
14	64	3611.12715362992	1773.4457412333	1220.0846431054	383.869249904553	1008.31475520776	1412.17064688531	982.065496104091	932.253179420403	1047.21609828596	32.6661418675002	2997.14771088785	86.0263271302009	98.6721680498883	47.3256051264371	328.54980864736	4037.58014576025	2837.89853956669	1288.95530958691	399.932762245105	1908.93304810414	1248.79455900476	1562.45045033002	1752.76264575815	2523.31796975865	42.3369772415657	6266.51656956075	136.695823476808	363.716593951447	127.406851174188	494.908001109288	1	0	1	14	2
15	410	5339.13708798651	1811.47571962763	2059.29646160332	422.530935782059	1073.65571659218	2003.0712991979	1371.57964646938	1183.26994402965	468.702188010959	55.7113974729374	1099.04754917563	47.4584547501692	146.501552246527	89.0372503436648	85.4147112421844	5345.59465081792	3760.77040729831	2370.79385801964	547.411827074329	1176.81027507556	1568.71047506247	1774.47479122819	2159.23091946173	1480.54974431258	89.8004201209721	3163.54468127844	103.298126022352	400.433442509023	344.957759483532	267.588031430549	1	0	1	15	4.96751819618084
16	282	2698.62218726796	954.36145621101	1647.29062934571	260.305802576339	752.285643884892	1890.38850068651	1556.52998385936	897.961288405017	235.440116137052	23.1809226969979	1268.14338928168	37.6019786436537	575.589713738781	95.0948388942788	120.832418213973	3898.09063883077	2227.14501342681	1676.90923719938	430.123839973494	972.026731123954	1147.53504155495	1371.64188433528	1049.93854671481	606.356915538379	50.2249821861705	4013.6308954587	112.029195463235	2093.38926796677	265.206622127194	350.796348943123	1	0	1	16	4.51023468104986
17	215	1933.17721407166	731.32923119022	1435.15070480268	177.192216702691	498.946065747465	1826.49238980394	1782.57470075721	1106.95186226858	194.127036907729	18.6019873489745	1567.75327683777	46.5724021575332	540.196495632316	117.36295797228	163.833174913645	3674.20577583614	1658.46327760222	2395.1959401662	312.756495301097	1003.60856927973	1428.81742796133	2062.60929485882	2011.15546313338	582.394909896412	45.1397732854749	4242.03282426615	148.31231790012	1613.30587135364	294.307795802159	438.353817434588	1	0	1	17	3.01929813716843
18	253	4050.95402295963	1178.98481810548	944.506309606013	185.671703434341	853.588306686078	1415.29132875591	878.327893408249	388.664587034184	129.835420058442	36.5196149942125	987.217862146575	49.9686163979294	305.757232081187	100.014047600833	101.616070688598	4761.89010129179	3612.57467721645	960.546836627047	223.593975295602	1108.11450931935	985.835907029603	1242.76927364475	819.424625252495	494.818021498222	63.1930717315555	3185.26918118114	133.259372576591	728.054474261944	229.67926838918	362.981236367139	1	0	1	18	2.28678040608902
19	292	5223.47162255909	1250.3304927286	666.519146840263	357.775233807009	846.848297912411	1010.22330411352	255.996121410291	100.285492868304	61.2204829428897	65.567625778567	2246.13277178382	108.399808551383	348.849741309061	151.015758297248	233.054823308978	5131.80581397989	2966.34438648989	662.050899966068	285.741741987344	1079.63750587126	782.456142065941	604.623879749844	336.328562375425	297.536315248737	76.9761430587514	6136.86198671414	193.686384495715	866.965295328651	367.924207081689	531.440213526149	1	0	1	19	2.58740275876062
2	240	1050.64624298664	2056.71450019729	1096.37966289214	120.966312553703	78.0380241603587	1157.36131084474	768.386365636548	370.364512200577	0.995663203514618	2.00998948150092	4158.78159789091	12.806499432536	299.68426384737	90.3088093165502	15.5286319744564	759.82727633821	3194.16267315136	686.132648826607	126.926675486199	93.0280606978438	656.799677693781	1064.72666502459	497.155082590945	3.86624153876872	3.1758311753619	9283.23029439659	20.6604581198582	821.799803708772	148.513439396126	40.1105770570389	1	0	1	2	2
20	469	6428.84567504062	896.824226577058	596.716120379682	583.234013024269	874.204637760403	946.826573411821	296.145475411964	154.551003079688	97.6878849175127	121.972223876433	2743.83069306628	131.688023702253	174.021307009936	112.586465572796	241.276572332837	6207.75387085036	1939.00779358414	688.241696646654	643.587056185431	909.053957819562	800.186440517587	856.232722012918	528.619927613924	479.027825878974	149.22313752889	9836.79587405705	182.812765378526	581.732293031166	303.52834432657	494.826820308218	1	0	1	20	3.64987285099268
21	148	3769.99394230481	1056.28803706088	576.691842615701	390.065252971976	384.293437317541	1010.95484969652	343.021498336	220.550065063594	245.230714111828	81.7075514949182	2751.21698935486	202.581727794985	388.696566523908	272.802732326597	530.67115038163	4021.07276866928	2308.30823912969	711.681016660224	389.308775326533	511.125715179416	931.987835268986	846.403587510984	653.259577606514	976.266047101574	116.546958491937	6454.0189732822	369.755440028344	937.795094331099	808.496394776019	870.001677922445	1	0	1	21	2
22	173	5666.2437341077	939.509178022241	781.840226524393	255.370565394986	1444.07788369571	1231.88208482856	228.859820841127	67.5575043781609	99.1919482652938	66.7639428830909	1606.74838192529	72.571825275473	665.691383351227	593.122721915559	108.74989390438	5110.08264060721	2120.88548845184	891.868337134469	274.208814265009	2596.05716639013	918.293651774906	453.509009274267	236.512880394733	526.130945447575	116.935609302634	4922.10682053031	155.104856410528	1884.45810964211	2163.87668216996	401.008711431858	1	0	1	22	3.78362723241744
23	368	5381.22508446788	657.517491196863	900.807659440978	175.0697725962	1071.05875734561	1424.5101252652	365.4304929192	136.036118793202	155.046703561851	51.6641731997776	1075.50786577373	45.3003426330667	998.097426138974	1149.46515437751	37.0463914568129	5535.56025641783	1858.38103416462	1162.34759457738	217.226891102537	1905.31566939727	1005.80542859468	690.262311571013	488.540780597625	707.318201776888	91.6993270711891	3121.230746854	88.1948155092594	3186.61586689604	4382.88316919631	180.532417294672	1	0	1	23	11.9674546821324
24	395	4244.910525822	500.571008874929	849.91703851566	197.588531122005	540.309979743169	1430.6627391879	471.927958331114	76.320385264657	48.7129955460143	56.2510496516601	895.945790387728	46.5913360384618	386.830380012264	609.417712312214	91.3647814935669	3831.81866630899	1440.07089269506	1180.85168694086	277.67262390753	1000.56517345476	993.226471419958	872.263724120459	187.203651798906	211.265484579543	89.4764571997213	2787.1047995738	140.966670180361	1221.24043894387	2146.45356763117	367.693813279944	1	0	1	24	5.83409679499834
25	171	4995.83040066451	627.881178061283	794.679289032439	642.070036006076	401.141715784413	1320.77139383587	329.792702130687	58.5424631816544	16.5866303502938	162.103531766302	4151.60691503936	51.1649143987508	1535.81792833779	749.278455406889	100.346422159505	4981.01260269446	2266.68801423296	831.127560833016	1021.36259696912	534.577538472669	788.819919706862	630.530131139787	174.014167634634	89.8463489652955	296.011340385236	23370.4244088644	110.58606282645	4873.38488235664	2401.37077560243	317.124664597717	1	0	1	25	6.07910300972007
26	154	4943.35633600096	744.15426338948	928.3741266396	648.361687603696	495.455158974047	1504.93984713506	624.201249598956	138.287001801799	30.7749782515946	149.875363612001	7392.61711320289	36.3317999775365	2567.64301355493	669.496077263319	62.6062094064346	4605.25999634631	2327.38465588428	1220.02981229951	951.989522507419	664.787215493169	1015.89917346244	1017.02909364151	302.909909040159	149.85649319157	253.20380202568	60701.6142903926	95.7979942987461	10719.364358967	2837.7286103781	268.911741442525	1	0	1	26	11.5783449162882
27	153	4287.35057805582	873.202527977909	705.415183371545	622.086444769599	350.628428839048	1187.56470230471	481.109687736655	148.117152261941	12.9223323077716	169.959341487224	7771.99887474915	140.22033029133	815.104270803613	453.106830116536	304.702539187707	3765.65392839649	1891.21856819142	883.976728988972	615.864470315685	582.800944057647	1011.70318672736	1053.72908227116	378.314317207338	68.3747044269225	175.540819361849	36158.84755071	346.153187759096	3233.62773800862	1403.66530380643	710.743222057468	1	0	1	27	3.81752468091704
28	871	6010.01982925569	1902.43965082097	750.115938840032	672.5064376799	617.272089856822	995.510635037415	189.915825987384	47.6158360146761	8.28647448007906	195.994158292288	5907.47475422924	89.4597638302324	144.594612384314	127.987710596984	132.463995645984	5293.70750475145	6507.75998996619	849.583910873047	710.378568005651	773.489395829672	703.393773419597	556.204448366616	167.530260960113	52.5015394273204	210.096868838688	19431.3695262	125.182356046056	485.725595096441	375.300160233172	377.415097105409	1	0	1	28	6.59110901596298
29	253	6768.60967967875	1944.44416728703	991.996752987058	478.23244808579	959.418648657347	1163.85136488305	204.458963079122	93.0181677578986	3.79737875481527	136.390955455683	3831.48322434037	81.9875776427804	219.575846827952	95.7164242291974	106.260720159523	5915.27909506231	5091.80455995453	1256.49871568229	532.537004087529	1149.85111636811	944.664484469639	501.448756262654	364.802013001338	24.0757269704708	156.870657138734	11305.0647684884	118.400751471909	766.38940620205	216.339719376794	381.376959409641	1	0	1	29	2.19305052507688
3	390	2285.24369822463	2195.6678358903	1036.89803887675	206.211738975266	223.148447390682	1197.70705831681	753.319680421261	325.510585115831	1.29468130870102	4.67117901089512	1474.50237119461	11.945389192172	96.7905586131694	46.9099829281664	44.1051810194777	1636.03867269433	4013.53381494704	876.692282681105	250.381787495599	284.690081050412	725.114897472841	1111.90899672781	602.329429948374	8.37819890414606	6.90204550473945	4860.57841612102	20.763969726005	171.16140441966	93.8899431952901	89.3546974366144	1	0	1	3	2
30	174	6390.860934235	1907.5628884613	1088.38040262524	461.349649011344	1029.46126818242	1184.34773249751	277.171690906242	135.474498596205	19.1286840762334	161.673039321144	2389.82922164258	181.586125883194	472.005858665911	93.1193409127321	341.872576201489	7081.57927382357	4451.36699321616	1537.20891014521	662.365516044992	1251.54979564978	1058.70950468063	598.66251178181	335.437197108392	98.0356587611554	279.086016684892	5096.49799186726	339.515131898188	1545.88794617535	236.558012731551	775.439562622135	1	0	1	30	2.19345867365507
31	525	8538.76129076598	2197.48300402685	1059.58505648006	459.120370077978	1394.81925264615	1185.73540105225	187.61410615912	70.7820195752908	29.4316097489381	166.271553556177	3396.97081905075	86.3875615328441	684.985049627809	142.466831069338	89.0066205550619	8348.33672965918	5150.90528063203	1355.49680062444	589.948285414607	1646.90722092947	866.013254322721	479.348552351964	208.46086535431	213.263380668931	254.740387518236	16615.7882541895	118.464016928159	2003.16683672724	350.714201661558	283.877104280268	1	0	1	31	8.81263844163524
32	223	3341.24096116754	1535.32520197165	522.185782885092	326.922088428211	376.370437062173	668.283161238787	168.502941952946	67.3133964158718	83.2338413363114	193.914530107547	4502.84364315617	504.045607900226	190.050610975035	70.0484160748161	1268.33216353397	6256.5140394416	2994.50727292646	1100.15757588997	261.534998246234	852.801786937461	913.367605174073	458.314078695375	190.671405807526	514.220468890267	225.899435090768	18432.8461688048	540.509169010332	950.40205959658	296.501916067937	1093.36924604878	1	0	1	32	2.17272055563352
33	400	6833.195631658	1327.06202285755	1087.56414666695	245.922770679018	817.261444325456	1686.20092654164	717.533311499068	334.36337531699	193.865658119441	140.968480559917	1496.69589636376	143.961879458425	201.020381868246	150.831923429123	263.45819509224	11796.1661226102	4418.92398161155	1396.72462177784	350.710319113715	1391.66082380804	1607.27934309815	896.467834830064	591.249038770362	512.427491817527	230.355518948019	7141.6295507333	342.714510385263	894.343832852801	1248.01117112306	699.175327369451	1	0	1	33	4.86371813143591
34	492	2884.44359582665	1179.45550128332	427.826698469723	265.353000780732	343.643737705203	653.051539808839	305.509979582979	277.862820513169	104.258572426418	200.270528670716	1761.31174717375	573.396568280817	110.901323322638	49.845820626418	1212.58833163343	6971.33374414312	2508.42124735181	1033.64411114251	471.047565873977	829.594922829042	1030.64500940524	839.039655276709	1040.85401314107	432.454056654714	229.989159072792	4292.23986379141	674.428716573056	611.268945901774	251.773039269311	1109.80307053961	1	0	1	34	3.52028671177243
35	1004	6360.81503999471	1005.82142161644	853.816141454699	237.640981707194	1190.54832624821	1431.05299860687	557.433687550952	363.506184717492	453.221992803111	100.81619515038	2300.88488679566	112.349997208892	273.030608240224	179.636596840584	173.545946612869	9652.52660500917	2178.78394045403	1017.29268766427	395.13726592378	1958.19970825569	1024.73424759011	1052.4255291535	1087.17155806066	1186.43793074653	165.80333498271	9214.67050813856	301.431552566281	1581.53711941931	992.444681426658	505.378855210561	1	0	1	35	17.5390680073755
36	133	9654.46011620123	967.094047434317	822.309609800046	199.893671507471	1680.20848468576	1383.3931138492	490.713591251255	212.541854052502	477.273335081476	168.007543615414	242.632599146784	178.968678522793	53.7463232344266	21.8027686489443	263.582234632164	15050.5142193804	1934.19296072887	810.793359628345	269.740966996139	1836.01471687315	1107.58539466179	768.324790224637	526.1869107193	1442.85663318075	305.116288798511	959.153943023445	515.923643353291	224.267351818601	79.7212575378849	803.490484840044	1	0	1	36	2
37	292	9094.78839102387	1231.59885056621	883.469636324302	240.347694492343	1309.89619553919	1329.47351137528	331.835004816481	234.69004035232	367.998579156796	157.727551724898	370.589086243327	211.117511455347	89.4229076117012	31.2329884069552	348.453763339698	12344.3841429644	2251.64292212482	976.582932719879	390.809010711935	1498.3303906848	1145.60094849699	701.083698869019	821.773598945359	1425.15835317538	282.907996537551	1595.65412812465	572.496732978231	518.769316842209	94.9576730888732	961.219416086655	1	0	1	37	3.51285825989122
38	293	9103.78536643545	1783.42036617343	1129.0369550517	417.681199643492	1244.81782592242	1598.14539890328	374.541172244892	379.036503172768	582.388373862742	122.841962556939	1371.18726280358	101.759533882661	513.035451517631	136.722189047734	189.023395471881	10960.5148043552	4976.45758361541	1370.56821013815	985.90361170676	2303.00870802324	1145.24816370959	752.4456587431	1448.11303578856	2268.89806867159	278.986666208681	6930.20740225668	442.947363490925	2564.07624789635	487.586416591674	850.903140688262	1	0	1	38	7.32159617988476
39	61	8345.26111358021	3373.57273775409	1388.21607829516	404.553481554589	1653.9924377115	1820.03637773672	606.342756848132	595.698268053046	1205.23105471895	112.104601992928	2278.46579232519	83.4401954866872	287.155005849017	131.517451944317	192.441314825064	11641.8818478263	10114.7678547959	2060.54197307979	885.865171747944	3574.20680168561	1234.54734906855	1030.53791242544	1709.44337062806	3565.37940790143	261.730730555289	9636.69827310839	344.436953699122	2036.47403329149	615.036028021906	856.743450583967	1	0	1	39	2
4	274	2255.73001813934	1478.81981254311	1152.87554972894	169.439746589864	133.782719461849	1530.60725114408	1273.20712611585	605.083882194594	0.267650549928411	4.72424567615098	832.369136634028	10.7115025832943	64.211143829973	31.4286084540538	36.493415044876	2120.00590713362	1924.23907971836	1008.83508307191	233.866687039468	125.57396876826	965.603606144236	1806.73096976068	1188.99429774414	2.42366860854113	9.16985134541881	3608.13789228959	22.5415428711421	174.30172941062	79.2467095243463	102.148429681061	1	0	1	4	2
40	406	9153.30326400523	2777.07531371415	1329.36377381498	333.887763401808	1457.2382771123	1750.19504200562	497.950918630402	730.860147914157	1356.62911111977	120.356580100856	1755.66955848595	76.5299185778359	228.94862099569	135.942302604136	156.540361133732	12496.5476860327	7793.07391492543	1691.55946995621	578.232308290731	2838.20563328449	1204.86337854738	931.037847741496	2595.64416251534	4351.03832299602	230.25281535341	7843.56644087785	318.680295387231	1037.24708144958	453.905665500444	668.498487769878	1	0	1	40	12.1337880776427
41	316	6766.34075833325	1713.27641398104	1365.87369128327	208.746504951349	866.935980701063	1812.16287834608	797.24129591198	884.645001845097	624.833355603918	112.626705078713	2038.29811354027	192.635004869554	124.592315036813	111.47459273378	386.743637851525	15443.0111636794	4310.92194535517	1639.81704956443	385.080832136622	2056.34961528722	1472.67707629885	1292.44762881812	2126.60863293594	2207.29612032913	221.736901147921	9528.21774933939	573.328776329253	663.057299496415	375.002798715744	912.49243595664	1	0	1	41	5.62949395128616
42	450	7322.54337974134	2732.94902099278	1783.58212990711	172.77775762845	1202.74096176609	2278.78960045456	869.383885538941	574.925465732435	92.5636584843305	54.089309075253	803.029333655631	32.5568499386886	158.068844404398	120.979988950779	61.8339026050772	10917.8176172203	9336.92535488897	2045.46257367555	260.869029470852	2325.78861301511	1711.2947922865	1384.9081623089	1693.62795242322	574.423391800496	118.593033746741	3774.02880642772	159.312508115318	670.66492997096	386.873394325654	347.819366432301	1	0	1	42	6.43272603274584
43	727	7643.42678742024	1543.26511846266	1533.70008036712	263.05134685429	439.505185299041	2123.95586133906	576.817505594522	133.393020984855	15.1609686841232	104.690161892809	1288.53252861174	65.8003822881442	172.613257424375	181.067855731057	87.0694038872678	8525.20875808153	5006.77559618383	1613.24367518797	326.463940766909	712.404801250887	1578.0048056531	1043.43827525412	326.726076773607	120.723535731367	160.433815996471	3456.81520916395	273.306320628548	592.232739163621	565.124288283394	399.391537053837	1	0	1	43	5.07834110323516
44	574	8177.8931376811	1340.62437695115	1652.43249147034	427.193307506192	369.160339350578	1804.90127310241	276.97537282043	67.9399102441711	86.0440544455403	222.131104606047	5118.14321515368	115.109986066267	204.488902658612	342.109391652656	226.477689949427	13474.5066284643	2759.02583327981	2717.36350945219	484.203452767731	578.3246293009	1277.94909493832	465.714861435049	217.051558584622	491.773011745063	364.85778084691	12462.9947940791	321.066457872933	489.03231493009	814.260862216446	712.323160452324	1	0	1	44	4.30204364592283
45	584	10054.9296455966	946.685790790228	1523.20676353944	445.517728786773	305.053736991455	1787.26064669941	183.334797398954	31.2000596764659	2.59723967132061	267.02688344854	8583.76649390145	118.647711544388	332.691104166844	649.040582800998	195.370223360325	21694.6322113043	1484.8350001005	3289.51340043527	582.097398282369	388.095587651911	2181.35510174239	406.168428696169	139.810122048909	31.9227932193115	406.711257750744	14822.3612376542	283.383843878144	796.388791105055	1666.51405886592	594.787920155548	1	0	1	45	6.32057906741404
46	262	6129.26734855691	1029.82422995738	798.187329865855	416.267058228547	256.951651923317	1272.71858745827	84.0714381357863	19.340091090611	5.02137716416417	257.625408803555	7648.18324776882	291.466866034795	228.966412191891	565.378158610657	475.305938546466	10520.9623307479	1772.40991154037	964.690592144163	410.994459248128	298.190433866087	1716.1532539715	260.831392580975	114.26788657074	47.4860361095871	253.478683742234	12062.3792906323	641.341634359316	437.326221210264	1175.96999515348	956.321396870359	1	0	1	46	2
47	372	5951.5479581669	1098.83709347844	515.913480046653	386.86090127434	338.261502787199	930.371311987696	30.8785267912786	5.9574811772183	1.61824443679089	296.398458135881	6555.62465260736	322.914996016013	132.550778166814	414.888879774667	519.12583856655	8152.30182954822	2087.14731241587	570.726282144735	367.984887642489	376.739469156426	1253.59218404941	140.091067184935	54.8430917690202	18.7823965517024	289.913578318906	12143.5037248461	496.802904709698	279.266917313481	899.351990566906	829.025808476016	1	0	1	47	2.26459388392086
48	372	5857.44547315478	920.979174444281	473.110260098476	434.737362456471	324.976332204166	869.057443225867	87.2605490304266	22.3783284802157	2.63836031184118	361.898766876739	5267.81073975901	319.315246061492	155.579668306082	321.589235655798	511.061304947228	7965.06138010376	3131.33038374349	705.595668809333	480.67152027805	342.800629792048	1022.77461076214	303.428370625484	101.509563773974	18.6283218530149	401.076987477639	12633.0510473874	518.239504405735	929.451921507012	840.416235199956	826.513984932481	1	0	1	48	3.13481496694088
49	429	6494.66699897527	561.843042503548	474.999466089709	468.648448800239	542.929669928342	745.168263721037	61.6598656892049	14.2533760372246	1.43275895365188	343.323400206172	3874.18251676472	263.114968803474	172.079789452751	387.997930146946	347.295864919488	8302.09273014845	1305.18392911942	691.641971795934	451.270382577118	585.297223269648	758.011146060025	254.009737626106	74.4857638045788	8.40364770603116	306.445854875268	9614.74846475946	344.48002548003	687.175330861067	710.376510930268	503.14711617655	1	0	1	49	3.03464298756692
5	346	3102.52420183037	7812.08976915198	1499.83885803103	215.383944246987	883.437226485417	1242.19747249975	704.451112149594	460.494616874198	7.74447191926695	3.73158770699733	1571.5804017836	13.6975304746423	295.887396508272	77.8740212850234	39.2909801658074	1965.20167915065	19090.2922571686	1467.35001748775	287.940656506674	690.077407638368	749.731724355469	1280.48560494589	829.075881012967	49.1977981593893	6.91351623943539	5654.82874545835	31.756330880944	790.59988478685	187.899785177599	138.719506918375	1	0	1	5	2.65507425141222
50	556	5015.71200482481	381.680510449509	381.851473290807	317.854284460705	388.297647605628	757.683667123888	23.0334096216544	0.886023312318781	0.0661880960047042	292.749775987122	3584.96381000811	219.949231907468	183.381958604442	411.462011887222	347.986889066881	5466.52667047345	666.4969457517	517.222859991428	341.89203350485	597.231334324613	746.283172420992	66.8490370763596	8.61972360078889	0.76287196209465	393.982175482417	9268.14169404054	279.564156155194	462.433633591487	976.982954043767	480.601727636066	1	0	1	50	3.89578610883035
51	603	3124.38730370955	373.230336065801	159.634530171532	225.047976185851	103.339861471446	475.612949950487	7.27345747199925	0.0869263906141881	0.00180475682569643	379.97078341278	5381.92103173843	474.359621754141	85.4437856842145	306.414086185447	832.028831705997	2917.37090536005	862.363921556038	238.779262237618	249.137295417887	193.222882551765	427.122810239989	50.4372591977859	1.05104438343535	0.0226655784441505	416.804703276907	16008.2519232341	706.976794068201	468.891905875044	1216.15277890033	1036.45492304493	1	0	1	51	4.82125391857462
52	798	4391.29742979083	534.342400671513	162.490785170886	221.672683687334	413.32568325843	468.615070158156	20.0649279905924	0.25650137065935	3.84771376667077	337.217864733238	1842.74171467732	228.144636268771	9.60934843687631	70.2832183478505	319.227341560118	3128.18291452782	942.17136472511	225.674434619645	283.158911820356	477.555709806026	422.600630713138	94.5378692922534	2.02791374373634	44.7140734300105	381.584064705293	7702.11089441525	451.887376713461	32.2905060226387	171.925527229537	609.693881720262	1	0	1	52	2.69473978770287
53	495	6685.02776150034	730.20637961825	88.0727956537434	539.963135186443	865.556024557109	225.943126274744	0.572640294035002	0.0508983250546849	36.978426628498	803.409937515537	696.327618308178	431.631200758036	3.82397590154159	18.3851424251176	508.794641680685	4771.06683572245	1287.55490659938	135.757638978765	593.631601863194	697.75671942027	206.293956507954	2.5075665565473	0.558025406131675	178.439663781287	782.094754358115	2337.27527155465	863.250642337504	31.7913037486743	58.0092311272225	807.863966101511	1	0	1	53	2.0312926048128
54	617	4424.3610207518	380.298654712069	112.395278917747	492.247224296883	355.248223501587	342.677753328928	1.99332994537621	0.0746471366464708	7.14298550478657	727.821984585084	1698.00196944691	309.906479755463	14.34880860562	60.0317586150229	576.070002232799	4881.49491058186	507.46285597783	173.521568113436	553.593185311962	550.278423010085	367.162595819324	8.59394342602891	0.55791064324215	43.0733482019828	750.31629373003	3259.91821000451	470.026499553188	62.1546692554427	172.010647735851	626.893361700259	1	0	1	54	2.10808971673609
55	896	2759.42221374633	361.536040520874	144.197575730184	307.563758278718	155.517578365043	421.487775472009	1.52680585738068	0.0775332079360119	0.295906977525392	583.232704627317	3507.41639555957	314.85923572067	19.5383084664979	144.969384323616	540.657903197128	2396.60715675485	464.418159184214	214.164785472405	321.405495364246	289.410031221918	404.418093565468	6.81322634681569	0.693288299531329	2.17510237426262	713.865468783627	9377.73839267253	743.700778094749	63.7189786347169	371.9414803852	883.338629971394	1	0	1	55	3.204190278645
56	1676	2835.88713472694	304.694155885058	264.162624833282	139.296080996038	90.826439861532	847.515495930074	36.7814533935218	3.99161382374485	1.5819000178854	177.430796529858	1527.74372454985	100.586649198914	13.8328027594941	146.221205036606	129.332729472945	2655.27173425512	353.658862825204	297.569554760514	123.904401982596	151.124336814703	674.5301554784	130.482989760453	37.1261268455596	14.5319778712033	297.757578485646	3511.19138851967	228.382556577494	49.3448208570523	433.038189840634	276.888941480336	1	0	1	56	4.28863620750878
57	1199	2407.10768551677	665.252930016211	387.848377731342	400.272577789803	28.689099872989	854.846238057608	418.768855959086	68.2825704821448	0.151002479419409	396.457570952955	5315.7120937223	190.092442715576	5.56185306524149	55.5297007586608	576.957418046253	2470.71181391457	965.603408808446	369.284117984347	378.457661053829	69.6251588699045	822.579153870505	937.742488776785	257.279191622171	1.28637505915594	709.397967356855	10171.9682952602	445.497807701627	16.2346989749189	131.538077082945	924.884915291976	1	0	1	57	4.79451917799592
58	562	2739.77437465565	643.749731915648	559.170551168106	253.358703615104	103.56209467918	1408.54201071182	583.498178494353	43.8881101643264	24.0524500696819	117.145433188021	2297.21841242715	19.8993653732363	4.51487657595838	57.529481251315	105.903617973592	3797.62496476627	1096.47489424419	432.120683818666	235.628146972741	522.887973394276	1347.00959487335	1125.36048466543	119.07862732722	234.049015752663	152.577062451703	5393.55780326072	90.4862063818562	15.0726342358537	135.961914653084	243.513151534956	1	0	1	58	2.68184388379311
59	297	1917.39239837206	562.596641674247	251.411275350806	366.751342621465	22.0480122315191	917.211399476713	568.408957319265	25.2318285957113	0.0017983691464419	234.214620099989	5239.48661847487	63.28003294802	4.83295367992658	58.6827783583614	296.563781298074	2205.65017404437	809.859937280751	304.740766735706	278.937086498354	48.0804838667758	1198.58938259291	1293.83819072502	71.6686935189166	0.014347417097958	252.223282007942	10298.3805181397	145.236736708258	24.0296317068211	207.181162303173	360.836421296087	1	0	1	59	2
6	93	2828.50157888945	5255.7259371215	1008.12771966962	347.298072383114	835.025237048112	808.565795326811	141.972350058969	156.503109328395	4.6282968001037	10.1874784770052	3783.14064602179	48.2297950832323	286.190240856182	81.4748509047129	156.944401159132	2059.71157133574	8946.13942191598	875.581006823601	332.021296531908	951.493845588106	439.09769140401	209.450451593003	263.255441326049	24.6570331184983	13.8536395231539	7600.12021469779	43.7256243823369	961.242633262342	244.68040497849	225.993987071641	1	0	1	6	2
7	141	4211.47763452153	7016.55251322365	1356.43148314315	421.385179865338	1461.15325774509	1037.94428545039	341.029000191871	434.932258925474	26.9667952210955	8.36590916549923	3059.16595074524	20.6404235717033	873.89705304992	200.479002724054	46.8353431886767	2031.88435523772	10807.4812515862	1170.05394865622	386.380839365484	794.655224397195	570.267768822355	671.147057587936	978.546837135931	145.524277461758	9.12850922594719	15348.933218194	33.0133525936593	5119.19369174589	1380.66038573708	165.895094342881	1	0	1	7	5.02631300953923
8	209	2895.4437427428	7320.85644950542	2179.64945293932	270.787846192807	935.743143515677	1586.36806952199	1161.78154613937	2057.15492578285	272.515310404231	6.25671600855161	1575.18100843527	16.8561083165536	558.450794000801	193.046998974582	47.1847456109455	1848.03349743398	24219.5806786318	2076.05470475908	291.693305155578	598.994017640094	1130.95091395822	1562.66092305292	4009.93983935019	1067.24331174754	10.3232527642476	9225.94408939786	59.4088176636707	3399.16708539979	1354.99295373821	184.760273966558	1	0	1	8	5.29297500374432
9	421	2977.1558662047	2009.48437150567	1465.00131209684	126.473885866581	1513.52977170541	1572.17733677423	1325.9779847163	1581.44281678939	1140.65739582656	10.8024358944926	724.627713742685	18.488987088614	216.208385956086	76.3520322393039	17.2597039579632	3473.54980901166	3863.50410407687	1261.96799710722	162.583027943537	1915.93559657923	956.052287764903	1390.66483488165	2310.19393321191	2412.24579112376	25.5921229151281	3144.43102850462	45.1925187457563	806.087791131592	307.155143575095	99.936724522754	1	0	1	9	7.73157199129418
